0.0 0.0
0.001 0.309016994375
0.002 0.587785252292
0.003 0.809016994375
0.004 0.951056516295
0.005 1.0
0.006 0.951056516295
0.007 0.809016994375
0.008 0.587785252292
0.009 0.309016994375
0.01 1.22464679915e-16
0.011 -0.309016994375
0.012 -0.587785252292
0.013 -0.809016994375
0.014 -0.951056516295
0.015 -1.0
0.016 -0.951056516295
0.017 -0.809016994375
0.018 -0.587785252292
0.019 -0.309016994375
0.02 -2.44929359829e-16
0.021 0.309016994375
0.022 0.587785252292
0.023 0.809016994375
0.024 0.951056516295
0.025 1.0
0.026 0.951056516295
0.027 0.809016994375
0.028 0.587785252292
0.029 0.309016994375
0.03 3.67394039744e-16
0.031 -0.309016994375
0.032 -0.587785252292
0.033 -0.809016994375
0.034 -0.951056516295
0.035 -1.0
0.036 -0.951056516295
0.037 -0.809016994375
0.038 -0.587785252292
0.039 -0.309016994375
0.04 -4.89858719659e-16
0.041 0.309016994375
0.042 0.587785252292
0.043 0.809016994375
0.044 0.951056516295
0.045 1.0
0.046 0.951056516295
0.047 0.809016994375
0.048 0.587785252292
0.049 0.309016994375
0.05 -1.16403343983e-15
0.051 -0.309016994375
0.052 -0.587785252292
0.053 -0.809016994375
0.054 -0.951056516295
0.055 -1.0
0.056 -0.951056516295
0.057 -0.809016994375
0.058 -0.587785252292
0.059 -0.309016994375
0.06 -7.34788079488e-16
0.061 0.309016994375
0.062 0.587785252292
0.063 0.809016994375
0.064 0.951056516295
0.065 1.0
0.066 0.951056516295
0.067 0.809016994375
0.068 0.587785252292
0.069 0.309016994375
0.07 -2.6954609194e-15
0.071 -0.309016994375
0.072 -0.587785252292
0.073 -0.809016994375
0.074 -0.951056516295
0.075 -1.0
0.076 -0.951056516295
0.077 -0.809016994375
0.078 -0.587785252292
0.079 -0.309016994375
0.08 -9.79717439318e-16
0.081 0.309016994375
0.082 0.587785252292
0.083 0.809016994375
0.084 0.951056516295
0.085 1.0
0.086 0.951056516295
0.087 0.809016994375
0.088 0.587785252292
0.089 0.309016994375
0.09 1.10218211923e-15
0.091 -0.309016994375
0.092 -0.587785252292
0.093 -0.809016994375
0.094 -0.951056516295
0.095 -1.0
0.096 -0.951056516295
0.097 -0.809016994375
0.098 -0.587785252292
0.099 -0.309016994375
0.1 2.32806687965e-15
0.101 0.309016994375
0.102 0.587785252292
0.103 0.809016994375
0.104 0.951056516295
0.105 1.0
0.106 0.951056516295
0.107 0.809016994375
0.108 0.587785252292
0.109 0.309016994375
0.11 -2.20560219974e-15
0.111 -0.309016994375
0.112 -0.587785252292
0.113 -0.809016994375
0.114 -0.951056516295
0.115 -1.0
0.116 -0.951056516295
0.117 -0.809016994375
0.118 -0.587785252292
0.119 -0.309016994375
0.12 -1.46957615898e-15
0.121 0.309016994375
0.122 0.587785252292
0.123 0.809016994375
0.124 0.951056516295
0.125 1.0
0.126 0.951056516295
0.127 0.809016994375
0.128 0.587785252292
0.129 0.309016994375
0.13 -1.96067283991e-15
0.131 -0.309016994375
0.132 -0.587785252292
0.133 -0.809016994375
0.134 -0.951056516295
0.135 -1.0
0.136 -0.951056516295
0.137 -0.809016994375
0.138 -0.587785252292
0.139 -0.309016994375
0.14 5.39092183879e-15
0.141 0.309016994375
0.142 0.587785252292
0.143 0.809016994375
0.144 0.951056516295
0.145 1.0
0.146 0.951056516295
0.147 0.809016994375
0.148 0.587785252292
0.149 0.309016994375
0.15 -1.71574348008e-15
0.151 -0.309016994375
0.152 -0.587785252292
0.153 -0.809016994375
0.154 -0.951056516295
0.155 -1.0
0.156 -0.951056516295
0.157 -0.809016994375
0.158 -0.587785252292
0.159 -0.309016994375
0.16 -1.95943487864e-15
0.161 0.309016994375
0.162 0.587785252292
0.163 0.809016994375
0.164 0.951056516295
0.165 1.0
0.166 0.951056516295
0.167 0.809016994375
0.168 0.587785252292
0.169 0.309016994375
0.17 -1.47081412025e-15
0.171 -0.309016994375
0.172 -0.587785252292
0.173 -0.809016994375
0.174 -0.951056516295
0.175 -1.0
0.176 -0.951056516295
0.177 -0.809016994375
0.178 -0.587785252292
0.179 -0.309016994375
0.18 -2.20436423847e-15
0.181 0.309016994375
0.182 0.587785252292
0.183 0.809016994375
0.184 0.951056516295
0.185 1.0
0.186 0.951056516295
0.187 0.809016994375
0.188 0.587785252292
0.189 0.309016994375
0.19 -1.22588476042e-15
0.191 -0.309016994375
0.192 -0.587785252292
0.193 -0.809016994375
0.194 -0.951056516295
0.195 -1.0
0.196 -0.951056516295
0.197 -0.809016994375
0.198 -0.587785252292
0.199 -0.309016994375
0.2 4.65613375931e-15
0.201 0.309016994375
0.202 0.587785252292
0.203 0.809016994375
0.204 0.951056516295
0.205 1.0
0.206 0.951056516295
0.207 0.809016994375
0.208 0.587785252292
0.209 0.309016994375
0.21 -9.80955400591e-16
0.211 -0.309016994375
0.212 -0.587785252292
0.213 -0.809016994375
0.214 -0.951056516295
0.215 -1.0
0.216 -0.951056516295
0.217 -0.809016994375
0.218 -0.587785252292
0.219 -0.309016994375
0.22 4.41120439948e-15
0.221 0.309016994375
0.222 0.587785252292
0.223 0.809016994375
0.224 0.951056516295
0.225 1.0
0.226 0.951056516295
0.227 0.809016994375
0.228 0.587785252292
0.229 0.309016994375
0.23 -7.84145339836e-15
0.231 -0.309016994375
0.232 -0.587785252292
0.233 -0.809016994375
0.234 -0.951056516295
0.235 -1.0
0.236 -0.951056516295
0.237 -0.809016994375
0.238 -0.587785252292
0.239 -0.309016994375
0.24 -2.93915231795e-15
0.241 0.309016994375
0.242 0.587785252292
0.243 0.809016994375
0.244 0.951056516295
0.245 1.0
0.246 0.951056516295
0.247 0.809016994375
0.248 0.587785252292
0.249 0.309016994375
0.25 -4.91096680932e-16
0.251 -0.309016994375
0.252 -0.587785252292
0.253 -0.809016994375
0.254 -0.951056516295
0.255 -1.0
0.256 -0.951056516295
0.257 -0.809016994375
0.258 -0.587785252292
0.259 -0.309016994375
0.26 3.92134567982e-15
0.261 0.309016994375
0.262 0.587785252292
0.263 0.809016994375
0.264 0.951056516295
0.265 1.0
0.266 0.951056516295
0.267 0.809016994375
0.268 0.587785252292
0.269 0.309016994375
0.27 -7.3515946787e-15
0.271 -0.309016994375
0.272 -0.587785252292
0.273 -0.809016994375
0.274 -0.951056516295
0.275 -1.0
0.276 -0.951056516295
0.277 -0.809016994375
0.278 -0.587785252292
0.279 -0.309016994375
0.28 1.07818436776e-14
0.281 0.309016994375
0.282 0.587785252292
0.283 0.809016994375
0.284 0.951056516295
0.285 1.0
0.286 0.951056516295
0.287 0.809016994375
0.288 0.587785252292
0.289 0.309016994375
0.29 -1.23796127318e-18
0.291 -0.309016994375
0.292 -0.587785252292
0.293 -0.809016994375
0.294 -0.951056516295
0.295 -1.0
0.296 -0.951056516295
0.297 -0.809016994375
0.298 -0.587785252292
0.299 -0.309016994375
0.3 3.43148696016e-15
0.301 0.309016994375
0.302 0.587785252292
0.303 0.809016994375
0.304 0.951056516295
0.305 1.0
0.306 0.951056516295
0.307 0.809016994375
0.308 0.587785252292
0.309 0.309016994375
0.31 -6.86173595904e-15
0.311 -0.309016994375
0.312 -0.587785252292
0.313 -0.809016994375
0.314 -0.951056516295
0.315 -1.0
0.316 -0.951056516295
0.317 -0.809016994375
0.318 -0.587785252292
0.319 -0.309016994375
0.32 -3.91886975727e-15
0.321 0.309016994375
0.322 0.587785252292
0.323 0.809016994375
0.324 0.951056516295
0.325 1.0
0.326 0.951056516295
0.327 0.809016994375
0.328 0.587785252292
0.329 0.309016994375
0.33 4.88620758386e-16
0.331 -0.309016994375
0.332 -0.587785252292
0.333 -0.809016994375
0.334 -0.951056516295
0.335 -1.0
0.336 -0.951056516295
0.337 -0.809016994375
0.338 -0.587785252292
0.339 -0.309016994375
0.34 2.9416282405e-15
0.341 0.309016994375
0.342 0.587785252292
0.343 0.809016994375
0.344 0.951056516295
0.345 1.0
0.346 0.951056516295
0.347 0.809016994375
0.348 0.587785252292
0.349 0.309016994375
0.35 -6.37187723939e-15
0.351 -0.309016994375
0.352 -0.587785252292
0.353 -0.809016994375
0.354 -0.951056516295
0.355 -1.0
0.356 -0.951056516295
0.357 -0.809016994375
0.358 -0.587785252292
0.359 -0.309016994375
0.36 -4.40872847693e-15
0.361 0.309016994375
0.362 0.587785252292
0.363 0.809016994375
0.364 0.951056516295
0.365 1.0
0.366 0.951056516295
0.367 0.809016994375
0.368 0.587785252292
0.369 0.309016994375
0.37 9.78479478045e-16
0.371 -0.309016994375
0.372 -0.587785252292
0.373 -0.809016994375
0.374 -0.951056516295
0.375 -1.0
0.376 -0.951056516295
0.377 -0.809016994375
0.378 -0.587785252292
0.379 -0.309016994375
0.38 2.45176952084e-15
0.381 0.309016994375
0.382 0.587785252292
0.383 0.809016994375
0.384 0.951056516295
0.385 1.0
0.386 0.951056516295
0.387 0.809016994375
0.388 0.587785252292
0.389 0.309016994375
0.39 -5.88201851973e-15
0.391 -0.309016994375
0.392 -0.587785252292
0.393 -0.809016994375
0.394 -0.951056516295
0.395 -1.0
0.396 -0.951056516295
0.397 -0.809016994375
0.398 -0.587785252292
0.399 -0.309016994375
0.4 9.31226751861e-15
0.401 0.309016994375
0.402 0.587785252292
0.403 0.809016994375
0.404 0.951056516295
0.405 1.0
0.406 0.951056516295
0.407 0.809016994375
0.408 0.587785252292
0.409 0.309016994375
0.41 -1.27425165175e-14
0.411 -0.309016994375
0.412 -0.587785252292
0.413 -0.809016994375
0.414 -0.951056516295
0.415 -1.0
0.416 -0.951056516295
0.417 -0.809016994375
0.418 -0.587785252292
0.419 -0.309016994375
0.42 1.96191080118e-15
0.421 0.309016994375
0.422 0.587785252292
0.423 0.809016994375
0.424 0.951056516295
0.425 1.0
0.426 0.951056516295
0.427 0.809016994375
0.428 0.587785252292
0.429 0.309016994375
0.43 8.81869491513e-15
0.431 -0.309016994375
0.432 -0.587785252292
0.433 -0.809016994375
0.434 -0.951056516295
0.435 -1.0
0.436 -0.951056516295
0.437 -0.809016994375
0.438 -0.587785252292
0.439 -0.309016994375
0.44 8.82240879895e-15
0.441 0.309016994375
0.442 0.587785252292
0.443 0.809016994375
0.444 0.951056516295
0.445 1.0
0.446 0.951056516295
0.447 0.809016994375
0.448 0.587785252292
0.449 0.309016994375
0.45 1.95819691736e-15
0.451 -0.309016994375
0.452 -0.587785252292
0.453 -0.809016994375
0.454 -0.951056516295
0.455 -1.0
0.456 -0.951056516295
0.457 -0.809016994375
0.458 -0.587785252292
0.459 -0.309016994375
0.46 1.56829067967e-14
0.461 0.309016994375
0.462 0.587785252292
0.463 0.809016994375
0.464 0.951056516295
0.465 1.0
0.466 0.951056516295
0.467 0.809016994375
0.468 0.587785252292
0.469 0.309016994375
0.47 -4.90230108041e-15
0.471 -0.309016994375
0.472 -0.587785252292
0.473 -0.809016994375
0.474 -0.951056516295
0.475 -1.0
0.476 -0.951056516295
0.477 -0.809016994375
0.478 -0.587785252292
0.479 -0.309016994375
0.48 -5.87830463591e-15
0.481 0.309016994375
0.482 0.587785252292
0.483 0.809016994375
0.484 0.951056516295
0.485 1.0
0.486 0.951056516295
0.487 0.809016994375
0.488 0.587785252292
0.489 0.309016994375
0.49 -1.17627990782e-14
0.491 -0.309016994375
0.492 -0.587785252292
0.493 -0.809016994375
0.494 -0.951056516295
0.495 -1.0
0.496 -0.951056516295
0.497 -0.809016994375
0.498 -0.587785252292
0.499 -0.309016994375
0.5 9.82193361864e-16
0.501 0.309016994375
0.502 0.587785252292
0.503 0.809016994375
0.504 0.951056516295
0.505 1.0
0.506 0.951056516295
0.507 0.809016994375
0.508 0.587785252292
0.509 0.309016994375
0.51 9.79841235445e-15
0.511 -0.309016994375
0.512 -0.587785252292
0.513 -0.809016994375
0.514 -0.951056516295
0.515 -1.0
0.516 -0.951056516295
0.517 -0.809016994375
0.518 -0.587785252292
0.519 -0.309016994375
0.52 7.84269135964e-15
0.521 0.309016994375
0.522 0.587785252292
0.523 0.809016994375
0.524 0.951056516295
0.525 1.0
0.526 0.951056516295
0.527 0.809016994375
0.528 0.587785252292
0.529 0.309016994375
0.53 2.93791435668e-15
0.531 -0.309016994375
0.532 -0.587785252292
0.533 -0.809016994375
0.534 -0.951056516295
0.535 -1.0
0.536 -0.951056516295
0.537 -0.809016994375
0.538 -0.587785252292
0.539 -0.309016994375
0.54 1.47031893574e-14
0.541 0.309016994375
0.542 0.587785252292
0.543 0.809016994375
0.544 0.951056516295
0.545 1.0
0.546 0.951056516295
0.547 0.809016994375
0.548 0.587785252292
0.549 0.309016994375
0.55 -3.92258364109e-15
0.551 -0.309016994375
0.552 -0.587785252292
0.553 -0.809016994375
0.554 -0.951056516295
0.555 -1.0
0.556 -0.951056516295
0.557 -0.809016994375
0.558 -0.587785252292
0.559 -0.309016994375
0.56 2.15636873552e-14
0.561 0.309016994375
0.562 0.587785252292
0.563 0.809016994375
0.564 0.951056516295
0.565 1.0
0.566 0.951056516295
0.567 0.809016994375
0.568 0.587785252292
0.569 0.309016994375
0.57 -1.07830816389e-14
0.571 -0.309016994375
0.572 -0.587785252292
0.573 -0.809016994375
0.574 -0.951056516295
0.575 -1.0
0.576 -0.951056516295
0.577 -0.809016994375
0.578 -0.587785252292
0.579 -0.309016994375
0.58 2.47592254635e-18
0.581 0.309016994375
0.582 0.587785252292
0.583 0.809016994375
0.584 0.951056516295
0.585 1.0
0.586 0.951056516295
0.587 0.809016994375
0.588 0.587785252292
0.589 0.309016994375
0.59 1.07781297938e-14
0.591 -0.309016994375
0.592 -0.587785252292
0.593 -0.809016994375
0.594 -0.951056516295
0.595 -1.0
0.596 -0.951056516295
0.597 -0.809016994375
0.598 -0.587785252292
0.599 -0.309016994375
0.6 6.86297392032e-15
0.601 0.309016994375
0.602 0.587785252292
0.603 0.809016994375
0.604 0.951056516295
0.605 1.0
0.606 0.951056516295
0.607 0.809016994375
0.608 0.587785252292
0.609 0.309016994375
0.61 3.917631796e-15
0.611 -0.309016994375
0.612 -0.587785252292
0.613 -0.809016994375
0.614 -0.951056516295
0.615 -1.0
0.616 -0.951056516295
0.617 -0.809016994375
0.618 -0.587785252292
0.619 -0.309016994375
0.62 1.37234719181e-14
0.621 0.309016994375
0.622 0.587785252292
0.623 0.809016994375
0.624 0.951056516295
0.625 1.0
0.626 0.951056516295
0.627 0.809016994375
0.628 0.587785252292
0.629 0.309016994375
0.63 -2.94286620177e-15
0.631 -0.309016994375
0.632 -0.587785252292
0.633 -0.809016994375
0.634 -0.951056516295
0.635 -1.0
0.636 -0.951056516295
0.637 -0.809016994375
0.638 -0.587785252292
0.639 -0.309016994375
0.64 -7.83773951454e-15
0.641 0.309016994375
0.642 0.587785252292
0.643 0.809016994375
0.644 0.951056516295
0.645 1.0
0.646 0.951056516295
0.647 0.809016994375
0.648 0.587785252292
0.649 0.309016994375
0.65 -9.80336419954e-15
0.651 -0.309016994375
0.652 -0.587785252292
0.653 -0.809016994375
0.654 -0.951056516295
0.655 -1.0
0.656 -0.951056516295
0.657 -0.809016994375
0.658 -0.587785252292
0.659 -0.309016994375
0.66 -9.77241516772e-16
0.661 0.309016994375
0.662 0.587785252292
0.663 0.809016994375
0.664 0.951056516295
0.665 1.0
0.666 0.951056516295
0.667 0.809016994375
0.668 0.587785252292
0.669 0.309016994375
0.67 -1.66638621973e-14
0.671 -0.309016994375
0.672 -0.587785252292
0.673 -0.809016994375
0.674 -0.951056516295
0.675 -1.0
0.676 -0.951056516295
0.677 -0.809016994375
0.678 -0.587785252292
0.679 -0.309016994375
0.68 5.883256481e-15
0.681 0.309016994375
0.682 0.587785252292
0.683 0.809016994375
0.684 0.951056516295
0.685 1.0
0.686 0.951056516295
0.687 0.809016994375
0.688 0.587785252292
0.689 0.309016994375
0.69 -2.35243601951e-14
0.691 -0.309016994375
0.692 -0.587785252292
0.693 -0.809016994375
0.694 -0.951056516295
0.695 -1.0
0.696 -0.951056516295
0.697 -0.809016994375
0.698 -0.587785252292
0.699 -0.309016994375
0.7 1.27437544788e-14
0.701 0.309016994375
0.702 0.587785252292
0.703 0.809016994375
0.704 0.951056516295
0.705 1.0
0.706 0.951056516295
0.707 0.809016994375
0.708 0.587785252292
0.709 0.309016994375
0.71 -1.96314876246e-15
0.711 -0.309016994375
0.712 -0.587785252292
0.713 -0.809016994375
0.714 -0.951056516295
0.715 -1.0
0.716 -0.951056516295
0.717 -0.809016994375
0.718 -0.587785252292
0.719 -0.309016994375
0.72 -8.81745695386e-15
0.721 0.309016994375
0.722 0.587785252292
0.723 0.809016994375
0.724 0.951056516295
0.725 1.0
0.726 0.951056516295
0.727 0.809016994375
0.728 0.587785252292
0.729 0.309016994375
0.73 -8.82364676023e-15
0.731 -0.309016994375
0.732 -0.587785252292
0.733 -0.809016994375
0.734 -0.951056516295
0.735 -1.0
0.736 -0.951056516295
0.737 -0.809016994375
0.738 -0.587785252292
0.739 -0.309016994375
0.74 -1.95695895609e-15
0.741 0.309016994375
0.742 0.587785252292
0.743 0.809016994375
0.744 0.951056516295
0.745 1.0
0.746 0.951056516295
0.747 0.809016994375
0.748 0.587785252292
0.749 0.309016994375
0.75 1.27375646724e-14
0.751 -0.309016994375
0.752 -0.587785252292
0.753 -0.809016994375
0.754 -0.951056516295
0.755 -1.0
0.756 -0.951056516295
0.757 -0.809016994375
0.758 -0.587785252292
0.759 -0.309016994375
0.76 4.90353904168e-15
0.761 0.309016994375
0.762 0.587785252292
0.763 0.809016994375
0.764 0.951056516295
0.765 1.0
0.766 0.951056516295
0.767 0.809016994375
0.768 0.587785252292
0.769 0.309016994375
0.77 5.87706667463e-15
0.771 -0.309016994375
0.772 -0.587785252292
0.773 -0.809016994375
0.774 -0.951056516295
0.775 -1.0
0.776 -0.951056516295
0.777 -0.809016994375
0.778 -0.587785252292
0.779 -0.309016994375
0.78 1.17640370395e-14
0.781 0.309016994375
0.782 0.587785252292
0.783 0.809016994375
0.784 0.951056516295
0.785 1.0
0.786 0.951056516295
0.787 0.809016994375
0.788 0.587785252292
0.789 0.309016994375
0.79 -9.83431323137e-16
0.791 -0.309016994375
0.792 -0.587785252292
0.793 -0.809016994375
0.794 -0.951056516295
0.795 -1.0
0.796 -0.951056516295
0.797 -0.809016994375
0.798 -0.587785252292
0.799 -0.309016994375
0.8 1.86245350372e-14
0.801 0.309016994375
0.802 0.587785252292
0.803 0.809016994375
0.804 0.951056516295
0.805 1.0
0.806 0.951056516295
0.807 0.809016994375
0.808 0.587785252292
0.809 0.309016994375
0.81 -7.84392932091e-15
0.811 -0.309016994375
0.812 -0.587785252292
0.813 -0.809016994375
0.814 -0.951056516295
0.815 -1.0
0.816 -0.951056516295
0.817 -0.809016994375
0.818 -0.587785252292
0.819 -0.309016994375
0.82 2.5485033035e-14
0.821 0.309016994375
0.822 0.587785252292
0.823 0.809016994375
0.824 0.951056516295
0.825 1.0
0.826 0.951056516295
0.827 0.809016994375
0.828 0.587785252292
0.829 0.309016994375
0.83 -1.47044273187e-14
0.831 -0.309016994375
0.832 -0.587785252293
0.833 -0.809016994375
0.834 -0.951056516295
0.835 -1.0
0.836 -0.951056516295
0.837 -0.809016994375
0.838 -0.587785252292
0.839 -0.309016994375
0.84 3.92382160236e-15
0.841 0.309016994375
0.842 0.587785252292
0.843 0.809016994375
0.844 0.951056516295
0.845 1.0
0.846 0.951056516295
0.847 0.809016994375
0.848 0.587785252292
0.849 0.309016994375
0.85 6.85678411395e-15
0.851 -0.309016994375
0.852 -0.587785252292
0.853 -0.809016994375
0.854 -0.951056516295
0.855 -1.0
0.856 -0.951056516295
0.857 -0.809016994375
0.858 -0.587785252292
0.859 -0.309016994375
0.86 -1.76373898303e-14
0.861 0.309016994375
0.862 0.587785252292
0.863 0.809016994375
0.864 0.951056516295
0.865 1.0
0.866 0.951056516295
0.867 0.809016994375
0.868 0.587785252292
0.869 0.309016994375
0.87 -2.84254233142e-14
0.871 -0.309016994375
0.872 -0.587785252292
0.873 -0.809016994375
0.874 -0.951056516295
0.875 -1.0
0.876 -0.951056516295
0.877 -0.809016994375
0.878 -0.587785252292
0.879 -0.309016994375
0.88 1.76448175979e-14
0.881 0.309016994375
0.882 0.587785252292
0.883 0.809016994375
0.884 0.951056516295
0.885 1.0
0.886 0.951056516295
0.887 0.809016994375
0.888 0.587785252292
0.889 0.309016994375
0.89 -6.86421188159e-15
0.891 -0.309016994375
0.892 -0.587785252292
0.893 -0.809016994375
0.894 -0.951056516295
0.895 -1.0
0.896 -0.951056516295
0.897 -0.809016994375
0.898 -0.587785252292
0.899 -0.309016994375
0.9 -3.91639383473e-15
0.901 0.309016994375
0.902 0.587785252292
0.903 0.809016994375
0.904 0.951056516295
0.905 1.0
0.906 0.951056516295
0.907 0.809016994375
0.908 0.587785252292
0.909 0.309016994375
0.91 1.4696999551e-14
0.911 -0.309016994375
0.912 -0.587785252292
0.913 -0.809016994375
0.914 -0.951056516295
0.915 -1.0
0.916 -0.951056516295
0.917 -0.809016994375
0.918 -0.587785252292
0.919 -0.309016994375
0.92 3.13658135935e-14
0.921 0.309016994375
0.922 0.587785252292
0.923 0.809016994375
0.924 0.951056516295
0.925 1.0
0.926 0.951056516295
0.927 0.809016994375
0.928 0.587785252292
0.929 0.309016994375
0.93 -2.05852078771e-14
0.931 -0.309016994375
0.932 -0.587785252292
0.933 -0.809016994375
0.934 -0.951056516295
0.935 -1.0
0.936 -0.951056516295
0.937 -0.809016994375
0.938 -0.587785252292
0.939 -0.309016994375
0.94 9.80460216082e-15
0.941 0.309016994375
0.942 0.587785252293
0.943 0.809016994375
0.944 0.951056516295
0.945 1.0
0.946 0.951056516295
0.947 0.809016994375
0.948 0.587785252292
0.949 0.309016994375
0.95 9.76003555498e-16
0.951 -0.309016994375
0.952 -0.587785252292
0.953 -0.809016994375
0.954 -0.951056516295
0.955 -1.0
0.956 -0.951056516295
0.957 -0.809016994375
0.958 -0.587785252292
0.959 -0.309016994375
0.96 -1.17566092718e-14
0.961 0.309016994375
0.962 0.587785252292
0.963 0.809016994375
0.964 0.951056516295
0.965 1.0
0.966 0.951056516295
0.967 0.809016994375
0.968 0.587785252292
0.969 0.309016994375
0.97 2.25372149881e-14
0.971 -0.309016994375
0.972 -0.587785252292
0.973 -0.809016994375
0.974 -0.951056516295
0.975 -1.0
0.976 -0.951056516295
0.977 -0.809016994375
0.978 -0.587785252292
0.979 -0.309016994375
0.98 2.35255981564e-14
0.981 0.309016994375
0.982 0.587785252292
0.983 0.809016994375
0.984 0.951056516295
0.985 1.0
0.986 0.951056516295
0.987 0.809016994375
0.988 0.587785252292
0.989 0.309016994375
0.99 -1.274499244e-14
0.991 -0.309016994375
0.992 -0.587785252292
0.993 -0.809016994375
0.994 -0.951056516295
0.995 -1.0
0.996 -0.951056516295
0.997 -0.809016994375
0.998 -0.587785252292
0.999 -0.309016994375
1.0 1.96438672373e-15
1.001 0.309016994375
1.002 0.587785252292
1.003 0.809016994375
1.004 0.951056516295
1.005 1.0
1.006 0.951056516295
1.007 0.809016994375
1.008 0.587785252292
1.009 0.309016994375
1.01 8.81621899259e-15
1.011 -0.309016994375
1.012 -0.587785252292
1.013 -0.809016994375
1.014 -0.951056516295
1.015 -1.0
1.016 -0.951056516295
1.017 -0.809016994375
1.018 -0.587785252292
1.019 -0.309016994375
1.02 -1.95968247089e-14
1.021 0.309016994375
1.022 0.587785252292
1.023 0.809016994375
1.024 0.951056516295
1.025 1.0
1.026 0.951056516295
1.027 0.809016994375
1.028 0.587785252292
1.029 0.309016994375
1.03 -2.64659884356e-14
1.031 -0.309016994375
1.032 -0.587785252292
1.033 -0.809016994375
1.034 -0.951056516295
1.035 -1.0
1.036 -0.951056516295
1.037 -0.809016994375
1.038 -0.587785252292
1.039 -0.309016994375
1.04 1.56853827193e-14
1.041 0.309016994375
1.042 0.587785252292
1.043 0.809016994375
1.044 0.951056516295
1.045 1.0
1.046 0.951056516295
1.047 0.809016994375
1.048 0.587785252292
1.049 0.309016994375
1.05 -4.90477700296e-15
1.051 -0.309016994375
1.052 -0.587785252293
1.053 -0.809016994375
1.054 -0.951056516295
1.055 -1.0
1.056 -0.951056516295
1.057 -0.809016994375
1.058 -0.587785252292
1.059 -0.309016994375
1.06 -5.87582871336e-15
1.061 0.309016994375
1.062 0.587785252292
1.063 0.809016994375
1.064 0.951056516295
1.065 1.0
1.066 0.951056516295
1.067 0.809016994375
1.068 0.587785252292
1.069 0.309016994375
1.07 -4.01869844311e-14
1.071 -0.309016994375
1.072 -0.587785252292
1.073 -0.809016994375
1.074 -0.951056516295
1.075 -1.0
1.076 -0.951056516295
1.077 -0.809016994375
1.078 -0.587785252292
1.079 -0.309016994375
1.08 2.94063787148e-14
1.081 0.309016994375
1.082 0.587785252292
1.083 0.809016994375
1.084 0.951056516295
1.085 1.0
1.086 0.951056516295
1.087 0.809016994375
1.088 0.587785252292
1.089 0.309016994375
1.09 -1.86257729985e-14
1.091 -0.309016994375
1.092 -0.587785252293
1.093 -0.809016994375
1.094 -0.951056516295
1.095 -1.0
1.096 -0.951056516295
1.097 -0.809016994375
1.098 -0.587785252292
1.099 -0.309016994375
1.1 7.84516728218e-15
1.101 0.309016994375
1.102 0.587785252293
1.103 0.809016994375
1.104 0.951056516295
1.105 1.0
1.106 0.951056516295
1.107 0.809016994375
1.108 0.587785252292
1.109 0.309016994375
1.11 -5.39079804267e-14
1.111 -0.309016994375
1.112 -0.587785252292
1.113 -0.809016994375
1.114 -0.951056516295
1.115 -1.0
1.116 -0.951056516295
1.117 -0.809016994375
1.118 -0.587785252292
1.119 -0.309016994375
1.12 4.31273747104e-14
1.121 0.309016994375
1.122 0.587785252292
1.123 0.809016994375
1.124 0.951056516295
1.125 1.0
1.126 0.951056516295
1.127 0.809016994375
1.128 0.587785252292
1.129 0.309016994375
1.13 -3.2346768994e-14
1.131 -0.309016994375
1.132 -0.587785252293
1.133 -0.809016994375
1.134 -0.951056516295
1.135 -1.0
1.136 -0.951056516295
1.137 -0.809016994375
1.138 -0.587785252292
1.139 -0.309016994375
1.14 2.15661632777e-14
1.141 0.309016994375
1.142 0.587785252293
1.143 0.809016994375
1.144 0.951056516295
1.145 1.0
1.146 0.951056516295
1.147 0.809016994375
1.148 0.587785252292
1.149 0.309016994375
1.15 -6.76289764222e-14
1.151 -0.309016994375
1.152 -0.587785252293
1.153 -0.809016994375
1.154 -0.951056516295
1.155 -1.0
1.156 -0.951056516295
1.157 -0.809016994375
1.158 -0.587785252292
1.159 -0.309016994375
1.16 4.95184509271e-18
1.161 0.309016994375
1.162 0.587785252292
1.163 0.809016994375
1.164 0.951056516295
1.165 1.0
1.166 0.951056516295
1.167 0.809016994375
1.168 0.587785252293
1.169 0.309016994375
1.17 1.07756538712e-14
1.171 -0.309016994375
1.172 -0.587785252292
1.173 -0.809016994375
1.174 -0.951056516295
1.175 -1.0
1.176 -0.951056516295
1.177 -0.809016994375
1.178 -0.587785252292
1.179 -0.309016994375
1.18 -2.15562595875e-14
1.181 0.309016994375
1.182 0.587785252292
1.183 0.809016994375
1.184 0.951056516295
1.185 1.0
1.186 0.951056516295
1.187 0.809016994375
1.188 0.587785252292
1.189 0.309016994375
1.19 3.23368653039e-14
1.191 -0.309016994375
1.192 -0.587785252292
1.193 -0.809016994375
1.194 -0.951056516295
1.195 -1.0
1.196 -0.951056516295
1.197 -0.809016994375
1.198 -0.587785252292
1.199 -0.309016994375
1.2 1.37259478406e-14
1.201 0.309016994375
1.202 0.587785252292
1.203 0.809016994375
1.204 0.951056516295
1.205 1.0
1.206 0.951056516295
1.207 0.809016994375
1.208 0.587785252292
1.209 0.309016994375
1.21 -2.94534212432e-15
1.211 -0.309016994375
1.212 -0.587785252292
1.213 -0.809016994375
1.214 -0.951056516295
1.215 -1.0
1.216 -0.951056516295
1.217 -0.809016994375
1.218 -0.587785252292
1.219 -0.309016994375
1.22 -7.835263592e-15
1.221 0.309016994375
1.222 0.587785252292
1.223 0.809016994375
1.224 0.951056516295
1.225 1.0
1.226 0.951056516295
1.227 0.809016994375
1.228 0.587785252292
1.229 0.309016994375
1.23 1.86158693083e-14
1.231 -0.309016994375
1.232 -0.587785252292
1.233 -0.809016994375
1.234 -0.951056516295
1.235 -1.0
1.236 -0.951056516295
1.237 -0.809016994375
1.238 -0.587785252292
1.239 -0.309016994375
1.24 2.74469438362e-14
1.241 0.309016994375
1.242 0.587785252292
1.243 0.809016994375
1.244 0.951056516295
1.245 1.0
1.246 0.951056516295
1.247 0.809016994375
1.248 0.587785252292
1.249 0.309016994375
1.25 -1.66663381199e-14
1.251 -0.309016994375
1.252 -0.587785252292
1.253 -0.809016994375
1.254 -0.951056516295
1.255 -1.0
1.256 -0.951056516295
1.257 -0.809016994375
1.258 -0.587785252292
1.259 -0.309016994375
1.26 5.88573240355e-15
1.261 0.309016994375
1.262 0.587785252292
1.263 0.809016994375
1.264 0.951056516295
1.265 1.0
1.266 0.951056516295
1.267 0.809016994375
1.268 0.587785252292
1.269 0.309016994375
1.27 4.89487331277e-15
1.271 -0.309016994375
1.272 -0.587785252292
1.273 -0.809016994375
1.274 -0.951056516295
1.275 -1.0
1.276 -0.951056516295
1.277 -0.809016994375
1.278 -0.587785252292
1.279 -0.309016994375
1.28 -1.56754790291e-14
1.281 0.309016994375
1.282 0.587785252292
1.283 0.809016994375
1.284 0.951056516295
1.285 1.0
1.286 0.951056516295
1.287 0.809016994375
1.288 0.587785252292
1.289 0.309016994375
1.29 -3.03873341154e-14
1.291 -0.309016994375
1.292 -0.587785252292
1.293 -0.809016994375
1.294 -0.951056516295
1.295 -1.0
1.296 -0.951056516295
1.297 -0.809016994375
1.298 -0.587785252292
1.299 -0.309016994375
1.3 1.96067283991e-14
1.301 0.309016994375
1.302 0.587785252292
1.303 0.809016994375
1.304 0.951056516295
1.305 1.0
1.306 0.951056516295
1.307 0.809016994375
1.308 0.587785252292
1.309 0.309016994375
1.31 -8.82612268277e-15
1.311 -0.309016994375
1.312 -0.587785252293
1.313 -0.809016994375
1.314 -0.951056516295
1.315 -1.0
1.316 -0.951056516295
1.317 -0.809016994375
1.318 -0.587785252292
1.319 -0.309016994375
1.32 -1.95448303354e-15
1.321 0.309016994375
1.322 0.587785252292
1.323 0.809016994375
1.324 0.951056516295
1.325 1.0
1.326 0.951056516295
1.327 0.809016994375
1.328 0.587785252292
1.329 0.309016994375
1.33 -4.41083301109e-14
1.331 -0.309016994375
1.332 -0.587785252292
1.333 -0.809016994375
1.334 -0.951056516295
1.335 -1.0
1.336 -0.951056516295
1.337 -0.809016994375
1.338 -0.587785252292
1.339 -0.309016994375
1.34 3.33277243946e-14
1.341 0.309016994375
1.342 0.587785252292
1.343 0.809016994375
1.344 0.951056516295
1.345 1.0
1.346 0.951056516295
1.347 0.809016994375
1.348 0.587785252292
1.349 0.309016994375
1.35 -2.25471186783e-14
1.351 -0.309016994375
1.352 -0.587785252293
1.353 -0.809016994375
1.354 -0.951056516295
1.355 -1.0
1.356 -0.951056516295
1.357 -0.809016994375
1.358 -0.587785252292
1.359 -0.309016994375
1.36 1.1766512962e-14
1.361 0.309016994375
1.362 0.587785252293
1.363 0.809016994375
1.364 0.951056516295
1.365 1.0
1.366 0.951056516295
1.367 0.809016994375
1.368 0.587785252292
1.369 0.309016994375
1.37 -5.78293261065e-14
1.371 -0.309016994375
1.372 -0.587785252292
1.373 -0.809016994375
1.374 -0.951056516295
1.375 -1.0
1.376 -0.951056516295
1.377 -0.809016994375
1.378 -0.587785252292
1.379 -0.309016994375
1.38 4.70487203902e-14
1.381 0.309016994375
1.382 0.587785252292
1.383 0.809016994375
1.384 0.951056516295
1.385 1.0
1.386 0.951056516295
1.387 0.809016994375
1.388 0.587785252292
1.389 0.309016994375
1.39 -3.62681146739e-14
1.391 -0.309016994375
1.392 -0.587785252293
1.393 -0.809016994375
1.394 -0.951056516295
1.395 -1.0
1.396 -0.951056516295
1.397 -0.809016994375
1.398 -0.587785252292
1.399 -0.309016994375
1.4 2.54875089575e-14
1.401 0.309016994375
1.402 0.587785252293
1.403 0.809016994375
1.404 0.951056516295
1.405 1.0
1.406 0.951056516295
1.407 0.809016994375
1.408 0.587785252292
1.409 0.309016994375
1.41 4.21365156196e-14
1.411 -0.309016994375
1.412 -0.587785252292
1.413 -0.809016994375
1.414 -0.951056516295
1.415 -1.0
1.416 -0.951056516295
1.417 -0.809016994375
1.418 -0.587785252292
1.419 -0.309016994375
1.42 3.92629752491e-15
1.421 0.309016994375
1.422 0.587785252292
1.423 0.809016994375
1.424 0.951056516295
1.425 1.0
1.426 0.951056516295
1.427 0.809016994375
1.428 0.587785252293
1.429 0.309016994375
1.43 6.85430819141e-15
1.431 -0.309016994375
1.432 -0.587785252292
1.433 -0.809016994375
1.434 -0.951056516295
1.435 -1.0
1.436 -0.951056516295
1.437 -0.809016994375
1.438 -0.587785252292
1.439 -0.309016994375
1.44 -1.76349139077e-14
1.441 0.309016994375
1.442 0.587785252292
1.443 0.809016994375
1.444 0.951056516295
1.445 1.0
1.446 0.951056516295
1.447 0.809016994375
1.448 0.587785252292
1.449 0.309016994375
1.45 2.8415519624e-14
1.451 -0.309016994375
1.452 -0.587785252292
1.453 -0.809016994375
1.454 -0.951056516295
1.455 -1.0
1.456 -0.951056516295
1.457 -0.809016994375
1.458 -0.587785252292
1.459 -0.309016994375
1.46 1.76472935205e-14
1.461 0.309016994375
1.462 0.587785252292
1.463 0.809016994375
1.464 0.951056516295
1.465 1.0
1.466 0.951056516295
1.467 0.809016994375
1.468 0.587785252292
1.469 0.309016994375
1.47 -6.86668780414e-15
1.471 -0.309016994375
1.472 -0.587785252292
1.473 -0.809016994375
1.474 -0.951056516295
1.475 -1.0
1.476 -0.951056516295
1.477 -0.809016994375
1.478 -0.587785252292
1.479 -0.309016994375
1.48 -3.91391791218e-15
1.481 0.309016994375
1.482 0.587785252292
1.483 0.809016994375
1.484 0.951056516295
1.485 1.0
1.486 0.951056516295
1.487 0.809016994375
1.488 0.587785252292
1.489 0.309016994375
1.49 1.46945236285e-14
1.491 -0.309016994375
1.492 -0.587785252292
1.493 -0.809016994375
1.494 -0.951056516295
1.495 -1.0
1.496 -0.951056516295
1.497 -0.809016994375
1.498 -0.587785252292
1.499 -0.309016994375
1.5 -2.54751293448e-14
1.501 0.309016994375
1.502 0.587785252292
1.503 0.809016994375
1.504 0.951056516295
1.505 1.0
1.506 0.951056516295
1.507 0.809016994375
1.508 0.587785252292
1.509 0.309016994375
1.51 -2.05876837997e-14
1.511 -0.309016994375
1.512 -0.587785252292
1.513 -0.809016994375
1.514 -0.951056516295
1.515 -1.0
1.516 -0.951056516295
1.517 -0.809016994375
1.518 -0.587785252292
1.519 -0.309016994375
1.52 9.80707808336e-15
1.521 0.309016994375
1.522 0.587785252292
1.523 0.809016994375
1.524 0.951056516295
1.525 1.0
1.526 0.951056516295
1.527 0.809016994375
1.528 0.587785252292
1.529 0.309016994375
1.53 9.73527632952e-16
1.531 -0.309016994375
1.532 -0.587785252292
1.533 -0.809016994375
1.534 -0.951056516295
1.535 -1.0
1.536 -0.951056516295
1.537 -0.809016994375
1.538 -0.587785252292
1.539 -0.309016994375
1.54 -1.17541333493e-14
1.541 0.309016994375
1.542 0.587785252292
1.543 0.809016994375
1.544 0.951056516295
1.545 1.0
1.546 0.951056516295
1.547 0.809016994375
1.548 0.587785252292
1.549 0.309016994375
1.55 -3.43086797952e-14
1.551 -0.309016994375
1.552 -0.587785252292
1.553 -0.809016994375
1.554 -0.951056516295
1.555 -1.0
1.556 -0.951056516295
1.557 -0.809016994375
1.558 -0.587785252292
1.559 -0.309016994375
1.56 2.35280740789e-14
1.561 0.309016994375
1.562 0.587785252292
1.563 0.809016994375
1.564 0.951056516295
1.565 1.0
1.566 0.951056516295
1.567 0.809016994375
1.568 0.587785252292
1.569 0.309016994375
1.57 -1.27474683626e-14
1.571 -0.309016994375
1.572 -0.587785252293
1.573 -0.809016994375
1.574 -0.951056516295
1.575 -1.0
1.576 -0.951056516295
1.577 -0.809016994375
1.578 -0.587785252292
1.579 -0.309016994375
1.58 1.96686264627e-15
1.581 0.309016994375
1.582 0.587785252293
1.583 0.809016994375
1.584 0.951056516295
1.585 1.0
1.586 0.951056516295
1.587 0.809016994375
1.588 0.587785252292
1.589 0.309016994375
1.59 -4.80296757908e-14
1.591 -0.309016994375
1.592 -0.587785252292
1.593 -0.809016994375
1.594 -0.951056516295
1.595 -1.0
1.596 -0.951056516295
1.597 -0.809016994375
1.598 -0.587785252292
1.599 -0.309016994375
1.6 3.72490700745e-14
1.601 0.309016994375
1.602 0.587785252292
1.603 0.809016994375
1.604 0.951056516295
1.605 1.0
1.606 0.951056516295
1.607 0.809016994375
1.608 0.587785252292
1.609 0.309016994375
1.61 -2.64684643581e-14
1.611 -0.309016994375
1.612 -0.587785252293
1.613 -0.809016994375
1.614 -0.951056516295
1.615 -1.0
1.616 -0.951056516295
1.617 -0.809016994375
1.618 -0.587785252292
1.619 -0.309016994375
1.62 1.56878586418e-14
1.621 0.309016994375
1.622 0.587785252293
1.623 0.809016994375
1.624 0.951056516295
1.625 1.0
1.626 0.951056516295
1.627 0.809016994375
1.628 0.587785252292
1.629 0.309016994375
1.63 -6.17506717863e-14
1.631 -0.309016994375
1.632 -0.587785252293
1.633 -0.809016994375
1.634 -0.951056516295
1.635 -1.0
1.636 -0.951056516295
1.637 -0.809016994375
1.638 -0.587785252292
1.639 -0.309016994375
1.64 5.097006607e-14
1.641 0.309016994375
1.642 0.587785252292
1.643 0.809016994375
1.644 0.951056516295
1.645 1.0
1.646 0.951056516295
1.647 0.809016994375
1.648 0.587785252292
1.649 0.309016994375
1.65 -4.01894603537e-14
1.651 -0.309016994375
1.652 -0.587785252292
1.653 -0.809016994375
1.654 -0.951056516295
1.655 -1.0
1.656 -0.951056516295
1.657 -0.809016994375
1.658 -0.587785252292
1.659 -0.309016994375
1.66 2.94088546374e-14
1.661 0.309016994375
1.662 0.587785252292
1.663 0.809016994375
1.664 0.951056516295
1.665 1.0
1.666 0.951056516295
1.667 0.809016994375
1.668 0.587785252293
1.669 0.309016994375
1.67 -1.8628248921e-14
1.671 -0.309016994375
1.672 -0.587785252292
1.673 -0.809016994375
1.674 -0.951056516295
1.675 -1.0
1.676 -0.951056516295
1.677 -0.809016994375
1.678 -0.587785252292
1.679 -0.309016994375
1.68 7.84764320473e-15
1.681 0.309016994375
1.682 0.587785252292
1.683 0.809016994375
1.684 0.951056516295
1.685 1.0
1.686 0.951056516295
1.687 0.809016994375
1.688 0.587785252292
1.689 0.309016994375
1.69 2.93296251159e-15
1.691 -0.309016994375
1.692 -0.587785252292
1.693 -0.809016994375
1.694 -0.951056516295
1.695 -1.0
1.696 -0.951056516295
1.697 -0.809016994375
1.698 -0.587785252292
1.699 -0.309016994375
1.7 -1.37135682279e-14
1.701 0.309016994375
1.702 0.587785252292
1.703 0.809016994375
1.704 0.951056516295
1.705 1.0
1.706 0.951056516295
1.707 0.809016994375
1.708 0.587785252292
1.709 0.309016994375
1.71 2.44941739442e-14
1.711 -0.309016994375
1.712 -0.587785252292
1.713 -0.809016994375
1.714 -0.951056516295
1.715 -1.0
1.716 -0.951056516295
1.717 -0.809016994375
1.718 -0.587785252292
1.719 -0.309016994375
1.72 -3.52747796605e-14
1.721 0.309016994375
1.722 0.587785252292
1.723 0.809016994375
1.724 0.951056516295
1.725 1.0
1.726 0.951056516295
1.727 0.809016994375
1.728 0.587785252292
1.729 0.309016994375
1.73 4.60553853769e-14
1.731 -0.309016994375
1.732 -0.587785252293
1.733 -0.809016994375
1.734 -0.951056516295
1.735 -1.0
1.736 -0.951056516295
1.737 -0.809016994375
1.738 -0.587785252292
1.739 -0.309016994375
1.74 5.68508466284e-14
1.741 0.309016994375
1.742 0.587785252292
1.743 0.809016994375
1.744 0.951056516295
1.745 1.0
1.746 0.951056516295
1.747 0.809016994375
1.748 0.587785252293
1.749 0.309016994375
1.75 -4.60702409121e-14
1.751 -0.309016994375
1.752 -0.587785252292
1.753 -0.809016994375
1.754 -0.951056516295
1.755 -1.0
1.756 -0.951056516295
1.757 -0.809016994375
1.758 -0.587785252292
1.759 -0.309016994375
1.76 3.52896351958e-14
1.761 0.309016994375
1.762 0.587785252292
1.763 0.809016994375
1.764 0.951056516295
1.765 1.0
1.766 0.951056516295
1.767 0.809016994375
1.768 0.587785252292
1.769 0.309016994375
1.77 -2.45090294795e-14
1.771 -0.309016994375
1.772 -0.587785252292
1.773 -0.809016994375
1.774 -0.951056516295
1.775 -1.0
1.776 -0.951056516295
1.777 -0.809016994375
1.778 -0.587785252292
1.779 -0.309016994375
1.78 1.37284237632e-14
1.781 0.309016994375
1.782 0.587785252292
1.783 0.809016994375
1.784 0.951056516295
1.785 1.0
1.786 0.951056516295
1.787 0.809016994375
1.788 0.587785252292
1.789 0.309016994375
1.79 -2.94781804687e-15
1.791 -0.309016994375
1.792 -0.587785252292
1.793 -0.809016994375
1.794 -0.951056516295
1.795 -1.0
1.796 -0.951056516295
1.797 -0.809016994375
1.798 -0.587785252292
1.799 -0.309016994375
1.8 -7.83278766945e-15
1.801 0.309016994375
1.802 0.587785252292
1.803 0.809016994375
1.804 0.951056516295
1.805 1.0
1.806 0.951056516295
1.807 0.809016994375
1.808 0.587785252292
1.809 0.309016994375
1.81 1.86133933858e-14
1.811 -0.309016994375
1.812 -0.587785252293
1.813 -0.809016994375
1.814 -0.951056516295
1.815 -1.0
1.816 -0.951056516295
1.817 -0.809016994375
1.818 -0.587785252292
1.819 -0.309016994375
1.82 -2.93939991021e-14
1.821 0.309016994375
1.822 0.587785252293
1.823 0.809016994375
1.824 0.951056516295
1.825 1.0
1.826 0.951056516295
1.827 0.809016994375
1.828 0.587785252292
1.829 0.309016994375
1.83 -7.35122329032e-14
1.831 -0.309016994375
1.832 -0.587785252293
1.833 -0.809016994375
1.834 -0.951056516295
1.835 -1.0
1.836 -0.951056516295
1.837 -0.809016994375
1.838 -0.587785252292
1.839 -0.309016994375
1.84 6.27316271869e-14
1.841 0.309016994375
1.842 0.587785252293
1.843 0.809016994375
1.844 0.951056516295
1.845 1.0
1.846 0.951056516295
1.847 0.809016994375
1.848 0.587785252292
1.849 0.309016994375
1.85 -5.19510214706e-14
1.851 -0.309016994375
1.852 -0.587785252292
1.853 -0.809016994375
1.854 -0.951056516295
1.855 -1.0
1.856 -0.951056516295
1.857 -0.809016994375
1.858 -0.587785252292
1.859 -0.309016994375
1.86 4.11704157543e-14
1.861 0.309016994375
1.862 0.587785252292
1.863 0.809016994375
1.864 0.951056516295
1.865 1.0
1.866 0.951056516295
1.867 0.809016994375
1.868 0.587785252292
1.869 0.309016994375
1.87 -3.0389810038e-14
1.871 -0.309016994375
1.872 -0.587785252292
1.873 -0.809016994375
1.874 -0.951056516295
1.875 -1.0
1.876 -0.951056516295
1.877 -0.809016994375
1.878 -0.587785252292
1.879 -0.309016994375
1.88 1.96092043216e-14
1.881 0.309016994375
1.882 0.587785252292
1.883 0.809016994375
1.884 0.951056516295
1.885 1.0
1.886 0.951056516295
1.887 0.809016994375
1.888 0.587785252292
1.889 0.309016994375
1.89 -8.82859860532e-15
1.891 -0.309016994375
1.892 -0.587785252293
1.893 -0.809016994375
1.894 -0.951056516295
1.895 -1.0
1.896 -0.951056516295
1.897 -0.809016994375
1.898 -0.587785252292
1.899 -0.309016994375
1.9 -1.952007111e-15
1.901 0.309016994375
1.902 0.587785252293
1.903 0.809016994375
1.904 0.951056516295
1.905 1.0
1.906 0.951056516295
1.907 0.809016994375
1.908 0.587785252292
1.909 0.309016994375
1.91 -1.00954224894e-13
1.911 -0.309016994375
1.912 -0.587785252293
1.913 -0.809016994375
1.914 -0.951056516295
1.915 -1.0
1.916 -0.951056516295
1.917 -0.809016994375
1.918 -0.587785252292
1.919 -0.309016994375
1.92 -2.35132185436e-14
1.921 0.309016994375
1.922 0.587785252292
1.923 0.809016994375
1.924 0.951056516295
1.925 1.0
1.926 0.951056516295
1.927 0.809016994375
1.928 0.587785252292
1.929 0.309016994375
1.93 3.42938242599e-14
1.931 -0.309016994375
1.932 -0.587785252292
1.933 -0.809016994375
1.934 -0.951056516295
1.935 -1.0
1.936 -0.951056516295
1.937 -0.809016994375
1.938 -0.587785252292
1.939 -0.309016994375
1.94 -4.50744299763e-14
1.941 0.309016994375
1.942 0.587785252293
1.943 0.809016994375
1.944 0.951056516295
1.945 1.0
1.946 0.951056516295
1.947 0.809016994375
1.948 0.587785252292
1.949 0.309016994375
1.95 5.58550356926e-14
1.951 -0.309016994375
1.952 -0.587785252292
1.953 -0.809016994375
1.954 -0.951056516295
1.955 -1.0
1.956 -0.951056516295
1.957 -0.809016994375
1.958 -0.587785252293
1.959 -0.309016994375
1.96 4.70511963127e-14
1.961 0.309016994375
1.962 0.587785252292
1.963 0.809016994375
1.964 0.951056516295
1.965 1.0
1.966 0.951056516295
1.967 0.809016994375
1.968 0.587785252293
1.969 0.309016994375
1.97 -3.62705905964e-14
1.971 -0.309016994375
1.972 -0.587785252292
1.973 -0.809016994375
1.974 -0.951056516295
1.975 -1.0
1.976 -0.951056516295
1.977 -0.809016994375
1.978 -0.587785252292
1.979 -0.309016994375
1.98 2.54899848801e-14
1.981 0.309016994375
1.982 0.587785252292
1.983 0.809016994375
1.984 0.951056516295
1.985 1.0
1.986 0.951056516295
1.987 0.809016994375
1.988 0.587785252292
1.989 0.309016994375
1.99 -1.47093791638e-14
1.991 -0.309016994375
1.992 -0.587785252292
1.993 -0.809016994375
1.994 -0.951056516295
1.995 -1.0
1.996 -0.951056516295
1.997 -0.809016994375
1.998 -0.587785252292
1.999 -0.309016994375
2.0 3.92877344746e-15
2.001 0.309016994375
2.002 0.587785252293
2.003 0.809016994375
2.004 0.951056516295
2.005 1.0
2.006 0.951056516295
2.007 0.809016994375
2.008 0.587785252292
2.009 0.309016994375
2.01 -1.06835005453e-13
2.011 -0.309016994375
2.012 -0.587785252292
2.013 -0.809016994375
2.014 -0.951056516295
2.015 -1.0
2.016 -0.951056516295
2.017 -0.809016994375
2.018 -0.587785252292
2.019 -0.309016994375
2.02 -1.76324379852e-14
2.021 0.309016994375
2.022 0.587785252293
2.023 0.809016994375
2.024 0.951056516295
2.025 1.0
2.026 0.951056516295
2.027 0.809016994375
2.028 0.587785252292
2.029 0.309016994375
2.03 -8.52737940201e-14
2.031 -0.309016994375
2.032 -0.587785252293
2.033 -0.809016994375
2.034 -0.951056516295
2.035 -1.0
2.036 -0.951056516295
2.037 -0.809016994375
2.038 -0.587785252292
2.039 -0.309016994375
2.04 -3.91936494178e-14
2.041 0.309016994375
2.042 0.587785252293
2.043 0.809016994375
2.044 0.951056516295
2.045 1.0
2.046 0.951056516295
2.047 0.809016994375
2.048 0.587785252292
2.049 0.309016994375
2.05 4.99742551341e-14
2.051 -0.309016994375
2.052 -0.587785252293
2.053 -0.809016994375
2.054 -0.951056516295
2.055 -1.0
2.056 -0.951056516295
2.057 -0.809016994375
2.058 -0.587785252293
2.059 -0.309016994375
2.06 5.29319768712e-14
2.061 0.309016994375
2.062 0.587785252292
2.063 0.809016994375
2.064 0.951056516295
2.065 1.0
2.066 0.951056516295
2.067 0.809016994375
2.068 0.587785252292
2.069 0.309016994375
2.07 7.15354665668e-14
2.071 -0.309016994375
2.072 -0.587785252292
2.073 -0.809016994375
2.074 -0.951056516295
2.075 -1.0
2.076 -0.951056516295
2.077 -0.809016994375
2.078 -0.587785252293
2.079 -0.309016994375
2.08 3.13707654385e-14
2.081 0.309016994375
2.082 0.587785252292
2.083 0.809016994375
2.084 0.951056516295
2.085 1.0
2.086 0.951056516295
2.087 0.809016994375
2.088 0.587785252292
2.089 0.309016994375
2.09 9.30966779994e-14
2.091 -0.309016994375
2.092 -0.587785252292
2.093 -0.809016994375
2.094 -0.951056516295
2.095 -1.0
2.096 -0.951056516295
2.097 -0.809016994375
2.098 -0.587785252293
2.099 -0.309016994375
2.1 9.80955400591e-15
2.101 0.309016994375
2.102 0.587785252292
2.103 0.809016994375
2.104 0.951056516295
2.105 1.0
2.106 0.951056516295
2.107 0.809016994375
2.108 0.587785252292
2.109 0.309016994375
2.11 9.71051710406e-16
2.111 -0.309016994375
2.112 -0.587785252293
2.113 -0.809016994375
2.114 -0.951056516295
2.115 -1.0
2.116 -0.951056516295
2.117 -0.809016994375
2.118 -0.587785252292
2.119 -0.309016994375
2.12 -1.17516574267e-14
2.121 0.309016994375
2.122 0.587785252292
2.123 0.809016994375
2.124 0.951056516295
2.125 1.0
2.126 0.951056516295
2.127 0.809016994375
2.128 0.587785252292
2.129 0.309016994375
2.13 2.2532263143e-14
2.131 -0.309016994375
2.132 -0.587785252293
2.133 -0.809016994375
2.134 -0.951056516295
2.135 -1.0
2.136 -0.951056516295
2.137 -0.809016994375
2.138 -0.587785252292
2.139 -0.309016994375
2.14 8.03739688623e-14
2.141 0.309016994375
2.142 0.587785252292
2.143 0.809016994375
2.144 0.951056516295
2.145 1.0
2.146 0.951056516295
2.147 0.809016994375
2.148 0.587785252292
2.149 0.309016994375
2.15 4.40934745757e-14
2.151 -0.309016994375
2.152 -0.587785252293
2.153 -0.809016994375
2.154 -0.951056516295
2.155 -1.0
2.156 -0.951056516295
2.157 -0.809016994375
2.158 -0.587785252292
2.159 -0.309016994375
2.16 5.88127574296e-14
2.161 0.309016994375
2.162 0.587785252293
2.163 0.809016994375
2.164 0.951056516295
2.165 1.0
2.166 0.951056516295
2.167 0.809016994375
2.168 0.587785252292
2.169 0.309016994375
2.17 6.56546860083e-14
2.171 -0.309016994375
2.172 -0.587785252292
2.173 -0.809016994375
2.174 -0.951056516295
2.175 -1.0
2.176 -0.951056516295
2.177 -0.809016994375
2.178 -0.587785252293
2.179 -0.309016994375
2.18 3.7251545997e-14
2.181 0.309016994375
2.182 0.587785252292
2.183 0.809016994375
2.184 0.951056516295
2.185 1.0
2.186 0.951056516295
2.187 0.809016994375
2.188 0.587785252292
2.189 0.309016994375
2.19 -2.64709402807e-14
2.191 -0.309016994375
2.192 -0.587785252292
2.193 -0.809016994375
2.194 -0.951056516295
2.195 -1.0
2.196 -0.951056516295
2.197 -0.809016994375
2.198 -0.587785252292
2.199 -0.309016994375
2.2 1.56903345644e-14
2.201 0.309016994375
2.202 0.587785252292
2.203 0.809016994375
2.204 0.951056516295
2.205 1.0
2.206 0.951056516295
2.207 0.809016994375
2.208 0.587785252292
2.209 0.309016994375
2.21 -4.90972884805e-15
2.211 -0.309016994375
2.212 -0.587785252293
2.213 -0.809016994375
2.214 -0.951056516295
2.215 -1.0
2.216 -0.951056516295
2.217 -0.809016994375
2.218 -0.587785252292
2.219 -0.309016994375
2.22 1.07815960853e-13
2.221 0.309016994375
2.222 0.587785252292
2.223 0.809016994375
2.224 0.951056516295
2.225 1.0
2.226 0.951056516295
2.227 0.809016994375
2.228 0.587785252292
2.229 0.309016994375
2.23 1.66514825846e-14
2.231 -0.309016994375
2.232 -0.587785252293
2.233 -0.809016994375
2.234 -0.951056516295
2.235 -1.0
2.236 -0.951056516295
2.237 -0.809016994375
2.238 -0.587785252292
2.239 -0.309016994375
2.24 8.62547494207e-14
2.241 0.309016994375
2.242 0.587785252292
2.243 0.809016994375
2.244 0.951056516295
2.245 1.0
2.246 0.951056516295
2.247 0.809016994375
2.248 0.587785252292
2.249 0.309016994375
2.25 3.82126940172e-14
2.251 -0.309016994375
2.252 -0.587785252293
2.253 -0.809016994375
2.254 -0.951056516295
2.255 -1.0
2.256 -0.951056516295
2.257 -0.809016994375
2.258 -0.587785252292
2.259 -0.309016994375
2.26 6.46935379881e-14
2.261 0.309016994375
2.262 0.587785252293
2.263 0.809016994375
2.264 0.951056516295
2.265 1.0
2.266 0.951056516295
2.267 0.809016994375
2.268 0.587785252292
2.269 0.309016994375
2.27 -5.39129322718e-14
2.271 -0.309016994375
2.272 -0.587785252292
2.273 -0.809016994375
2.274 -0.951056516295
2.275 -1.0
2.276 -0.951056516295
2.277 -0.809016994375
2.278 -0.587785252292
2.279 -0.309016994375
2.28 4.31323265555e-14
2.281 0.309016994375
2.282 0.587785252292
2.283 0.809016994375
2.284 0.951056516295
2.285 1.0
2.286 0.951056516295
2.287 0.809016994375
2.288 0.587785252292
2.289 0.309016994375
2.29 -3.23517208391e-14
2.291 -0.309016994375
2.292 -0.587785252293
2.293 -0.809016994375
2.294 -0.951056516295
2.295 -1.0
2.296 -0.951056516295
2.297 -0.809016994375
2.298 -0.587785252292
2.299 -0.309016994375
2.3 1.35257952844e-13
2.301 0.309016994375
2.302 0.587785252292
2.303 0.809016994375
2.304 0.951056516295
2.305 1.0
2.306 0.951056516295
2.307 0.809016994375
2.308 0.587785252293
2.309 0.309016994375
2.31 -1.07905094065e-14
2.311 -0.309016994375
2.312 -0.587785252292
2.313 -0.809016994375
2.314 -0.951056516295
2.315 -1.0
2.316 -0.951056516295
2.317 -0.809016994375
2.318 -0.587785252292
2.319 -0.309016994375
2.32 9.90369018541e-18
2.321 0.309016994375
2.322 0.587785252292
2.323 0.809016994375
2.324 0.951056516295
2.325 1.0
2.326 0.951056516295
2.327 0.809016994375
2.328 0.587785252293
2.329 0.309016994375
2.33 1.07707020261e-14
2.331 -0.309016994375
2.332 -0.587785252292
2.333 -0.809016994375
2.334 -0.951056516295
2.335 -1.0
2.336 -0.951056516295
2.337 -0.809016994375
2.338 -0.587785252292
2.339 -0.309016994375
2.34 -2.15513077424e-14
2.341 0.309016994375
2.342 0.587785252293
2.343 0.809016994375
2.344 0.951056516295
2.345 1.0
2.346 0.951056516295
2.347 0.809016994375
2.348 0.587785252292
2.349 0.309016994375
2.35 -8.13549242629e-14
2.351 -0.309016994375
2.352 -0.587785252292
2.353 -0.809016994375
2.354 -0.951056516295
2.355 -1.0
2.356 -0.951056516295
2.357 -0.809016994375
2.358 -0.587785252292
2.359 -0.309016994375
2.36 -4.31125191751e-14
2.361 0.309016994375
2.362 0.587785252293
2.363 0.809016994375
2.364 0.951056516295
2.365 1.0
2.366 0.951056516295
2.367 0.809016994375
2.368 0.587785252292
2.369 0.309016994375
2.37 -5.97937128302e-14
2.371 -0.309016994375
2.372 -0.587785252292
2.373 -0.809016994375
2.374 -0.951056516295
2.375 -1.0
2.376 -0.951056516295
2.377 -0.809016994375
2.378 -0.587785252292
2.379 -0.309016994375
2.38 -6.46737306077e-14
2.381 0.309016994375
2.382 0.587785252292
2.383 0.809016994375
2.384 0.951056516295
2.385 1.0
2.386 0.951056516295
2.387 0.809016994375
2.388 0.587785252293
2.389 0.309016994375
2.39 -3.82325013976e-14
2.391 -0.309016994375
2.392 -0.587785252292
2.393 -0.809016994375
2.394 -0.951056516295
2.395 -1.0
2.396 -0.951056516295
2.397 -0.809016994375
2.398 -0.587785252292
2.399 -0.309016994375
2.4 2.74518956813e-14
2.401 0.309016994375
2.402 0.587785252292
2.403 0.809016994375
2.404 0.951056516295
2.405 1.0
2.406 0.951056516295
2.407 0.809016994375
2.408 0.587785252293
2.409 0.309016994375
2.41 -1.6671289965e-14
2.411 -0.309016994375
2.412 -0.587785252292
2.413 -0.809016994375
2.414 -0.951056516295
2.415 -1.0
2.416 -0.951056516295
2.417 -0.809016994375
2.418 -0.587785252292
2.419 -0.309016994375
2.42 5.89068424864e-15
2.421 0.309016994375
2.422 0.587785252293
2.423 0.809016994375
2.424 0.951056516295
2.425 1.0
2.426 0.951056516295
2.427 0.809016994375
2.428 0.587785252292
2.429 0.309016994375
2.43 -1.08796916254e-13
2.431 -0.309016994375
2.432 -0.587785252292
2.433 -0.809016994375
2.434 -0.951056516295
2.435 -1.0
2.436 -0.951056516295
2.437 -0.809016994375
2.438 -0.587785252292
2.439 -0.309016994375
2.44 -1.5670527184e-14
2.441 0.309016994375
2.442 0.587785252293
2.443 0.809016994375
2.444 0.951056516295
2.445 1.0
2.446 0.951056516295
2.447 0.809016994375
2.448 0.587785252292
2.449 0.309016994375
2.45 -8.72357048213e-14
2.451 -0.309016994375
2.452 -0.587785252292
2.453 -0.809016994375
2.454 -0.951056516295
2.455 -1.0
2.456 -0.951056516295
2.457 -0.809016994375
2.458 -0.587785252292
2.459 -0.309016994375
2.46 -3.72317386166e-14
2.461 0.309016994375
2.462 0.587785252293
2.463 0.809016994375
2.464 0.951056516295
2.465 1.0
2.466 0.951056516295
2.467 0.809016994375
2.468 0.587785252292
2.469 0.309016994375
2.47 -6.56744933887e-14
2.471 -0.309016994375
2.472 -0.587785252293
2.473 -0.809016994375
2.474 -0.951056516295
2.475 -1.0
2.476 -0.951056516295
2.477 -0.809016994375
2.478 -0.587785252292
2.479 -0.309016994375
2.48 5.48938876724e-14
2.481 0.309016994375
2.482 0.587785252292
2.483 0.809016994375
2.484 0.951056516295
2.485 1.0
2.486 0.951056516295
2.487 0.809016994375
2.488 0.587785252293
2.489 0.309016994375
2.49 -4.4113281956e-14
2.491 -0.309016994375
2.492 -0.587785252292
2.493 -0.809016994375
2.494 -0.951056516295
2.495 -1.0
2.496 -0.951056516295
2.497 -0.809016994375
2.498 -0.587785252292
2.499 -0.309016994375
2.5 3.33326762397e-14
2.501 0.309016994375
2.502 0.587785252293
2.503 0.809016994375
2.504 0.951056516295
2.505 1.0
2.506 0.951056516295
2.507 0.809016994375
2.508 0.587785252292
2.509 0.309016994375
2.51 -2.25520705234e-14
2.511 -0.309016994375
2.512 -0.587785252292
2.513 -0.809016994375
2.514 -0.951056516295
2.515 -1.0
2.516 -0.951056516295
2.517 -0.809016994375
2.518 -0.587785252292
2.519 -0.309016994375
2.52 1.17714648071e-14
2.521 0.309016994375
2.522 0.587785252293
2.523 0.809016994375
2.524 0.951056516295
2.525 1.0
2.526 0.951056516295
2.527 0.809016994375
2.528 0.587785252292
2.529 0.309016994375
2.53 -1.14677696812e-13
2.531 -0.309016994375
2.532 -0.587785252292
2.533 -0.809016994375
2.534 -0.951056516295
2.535 -1.0
2.536 -0.951056516295
2.537 -0.809016994375
2.538 -0.587785252292
2.539 -0.309016994375
2.54 -9.78974662554e-15
2.541 0.309016994375
2.542 0.587785252293
2.543 0.809016994375
2.544 0.951056516295
2.545 1.0
2.546 0.951056516295
2.547 0.809016994375
2.548 0.587785252292
2.549 0.309016994375
2.55 -9.31164853798e-14
2.551 -0.309016994375
2.552 -0.587785252293
2.553 -0.809016994375
2.554 -0.951056516295
2.555 -1.0
2.556 -0.951056516295
2.557 -0.809016994375
2.558 -0.587785252292
2.559 -0.309016994375
2.56 -3.13509580582e-14
2.561 0.309016994375
2.562 0.587785252292
2.563 0.809016994375
2.564 0.951056516295
2.565 1.0
2.566 0.951056516295
2.567 0.809016994375
2.568 0.587785252292
2.569 0.309016994375
2.57 4.21315637745e-14
2.571 -0.309016994375
2.572 -0.587785252293
2.573 -0.809016994375
2.574 -0.951056516295
2.575 -1.0
2.576 -0.951056516295
2.577 -0.809016994375
2.578 -0.587785252292
2.579 -0.309016994375
2.58 6.07746682308e-14
2.581 0.309016994375
2.582 0.587785252292
2.583 0.809016994375
2.584 0.951056516295
2.585 1.0
2.586 0.951056516295
2.587 0.809016994375
2.588 0.587785252292
2.589 0.309016994375
2.59 6.36927752071e-14
2.591 -0.309016994375
2.592 -0.587785252292
2.593 -0.809016994375
2.594 -0.951056516295
2.595 -1.0
2.596 -0.951056516295
2.597 -0.809016994375
2.598 -0.587785252293
2.599 -0.309016994375
2.6 3.92134567982e-14
2.601 0.309016994375
2.602 0.587785252292
2.603 0.809016994375
2.604 0.951056516295
2.605 1.0
2.606 0.951056516295
2.607 0.809016994375
2.608 0.587785252292
2.609 0.309016994375
2.61 8.52539866398e-14
2.611 -0.309016994375
2.612 -0.587785252292
2.613 -0.809016994375
2.614 -0.951056516295
2.615 -1.0
2.616 -0.951056516295
2.617 -0.809016994375
2.618 -0.587785252293
2.619 -0.309016994375
2.62 1.76522453655e-14
2.621 0.309016994375
2.622 0.587785252292
2.623 0.809016994375
2.624 0.951056516295
2.625 1.0
2.626 0.951056516295
2.627 0.809016994375
2.628 0.587785252292
2.629 0.309016994375
2.63 -6.87163964923e-15
2.631 -0.309016994375
2.632 -0.587785252293
2.633 -0.809016994375
2.634 -0.951056516295
2.635 -1.0
2.636 -0.951056516295
2.637 -0.809016994375
2.638 -0.587785252292
2.639 -0.309016994375
2.64 -3.90896606709e-15
2.641 0.309016994375
2.642 0.587785252292
2.643 0.809016994375
2.644 0.951056516295
2.645 1.0
2.646 0.951056516295
2.647 0.809016994375
2.648 0.587785252292
2.649 0.309016994375
2.65 1.46895717834e-14
2.651 -0.309016994375
2.652 -0.587785252293
2.653 -0.809016994375
2.654 -0.951056516295
2.655 -1.0
2.656 -0.951056516295
2.657 -0.809016994375
2.658 -0.587785252292
2.659 -0.309016994375
2.66 8.82166602219e-14
2.661 0.309016994375
2.662 0.587785252292
2.663 0.809016994375
2.664 0.951056516295
2.665 1.0
2.666 0.951056516295
2.667 0.809016994375
2.668 0.587785252292
2.669 0.309016994375
2.67 3.6250783216e-14
2.671 -0.309016994375
2.672 -0.587785252293
2.673 -0.809016994375
2.674 -0.951056516295
2.675 -1.0
2.676 -0.951056516295
2.677 -0.809016994375
2.678 -0.587785252292
2.679 -0.309016994375
2.68 6.66554487893e-14
2.681 0.309016994375
2.682 0.587785252293
2.683 0.809016994375
2.684 0.951056516295
2.685 1.0
2.686 0.951056516295
2.687 0.809016994375
2.688 0.587785252292
2.689 0.309016994375
2.69 5.78119946487e-14
2.691 -0.309016994375
2.692 -0.587785252292
2.693 -0.809016994375
2.694 -0.951056516295
2.695 -1.0
2.696 -0.951056516295
2.697 -0.809016994375
2.698 -0.587785252293
2.699 -0.309016994375
2.7 4.50942373566e-14
2.701 0.309016994375
2.702 0.587785252292
2.703 0.809016994375
2.704 0.951056516295
2.705 1.0
2.706 0.951056516295
2.707 0.809016994375
2.708 0.587785252292
2.709 0.309016994375
2.71 -3.43136316403e-14
2.711 -0.309016994375
2.712 -0.587785252292
2.713 -0.809016994375
2.714 -0.951056516295
2.715 -1.0
2.716 -0.951056516295
2.717 -0.809016994375
2.718 -0.587785252292
2.719 -0.309016994375
2.72 2.3533025924e-14
2.721 0.309016994375
2.722 0.587785252292
2.723 0.809016994375
2.724 0.951056516295
2.725 1.0
2.726 0.951056516295
2.727 0.809016994375
2.728 0.587785252292
2.729 0.309016994375
2.73 -1.27524202077e-14
2.731 -0.309016994375
2.732 -0.587785252293
2.733 -0.809016994375
2.734 -0.951056516295
2.735 -1.0
2.736 -0.951056516295
2.737 -0.809016994375
2.738 -0.587785252292
2.739 -0.309016994375
2.74 1.15658652213e-13
2.741 0.309016994375
2.742 0.587785252292
2.743 0.809016994375
2.744 0.951056516295
2.745 1.0
2.746 0.951056516295
2.747 0.809016994375
2.748 0.587785252292
2.749 0.309016994375
2.75 8.80879122495e-15
2.751 -0.309016994375
2.752 -0.587785252293
2.753 -0.809016994375
2.754 -0.951056516295
2.755 -1.0
2.756 -0.951056516295
2.757 -0.809016994375
2.758 -0.587785252292
2.759 -0.309016994375
2.76 9.40974407804e-14
2.761 0.309016994375
2.762 0.587785252292
2.763 0.809016994375
2.764 0.951056516295
2.765 1.0
2.766 0.951056516295
2.767 0.809016994375
2.768 0.587785252292
2.769 0.309016994375
2.77 3.03700026576e-14
2.771 -0.309016994375
2.772 -0.587785252293
2.773 -0.809016994375
2.774 -0.951056516295
2.775 -1.0
2.776 -0.951056516295
2.777 -0.809016994375
2.778 -0.587785252292
2.779 -0.309016994375
2.78 7.25362293477e-14
2.781 0.309016994375
2.782 0.587785252293
2.783 0.809016994375
2.784 0.951056516295
2.785 1.0
2.786 0.951056516295
2.787 0.809016994375
2.788 0.587785252292
2.789 0.309016994375
2.79 -6.17556236314e-14
2.791 -0.309016994375
2.792 -0.587785252293
2.793 -0.809016994375
2.794 -0.951056516295
2.795 -1.0
2.796 -0.951056516295
2.797 -0.809016994375
2.798 -0.587785252293
2.799 -0.309016994375
2.8 5.09750179151e-14
2.801 0.309016994375
2.802 0.587785252292
2.803 0.809016994375
2.804 0.951056516295
2.805 1.0
2.806 0.951056516295
2.807 0.809016994375
2.808 0.587785252292
2.809 0.309016994375
2.81 -4.01944121988e-14
2.811 -0.309016994375
2.812 -0.587785252293
2.813 -0.809016994375
2.814 -0.951056516295
2.815 -1.0
2.816 -0.951056516295
2.817 -0.809016994375
2.818 -0.587785252292
2.819 -0.309016994375
2.82 -8.42730312392e-14
2.821 0.309016994375
2.822 0.587785252292
2.823 0.809016994375
2.824 0.951056516295
2.825 1.0
2.826 0.951056516295
2.827 0.809016994375
2.828 0.587785252293
2.829 0.309016994375
2.83 -1.86332007661e-14
2.831 -0.309016994375
2.832 -0.587785252292
2.833 -0.809016994375
2.834 -0.951056516295
2.835 -1.0
2.836 -0.951056516295
2.837 -0.809016994375
2.838 -0.587785252292
2.839 -0.309016994375
2.84 7.85259504982e-15
2.841 0.309016994375
2.842 0.587785252292
2.843 0.809016994375
2.844 0.951056516295
2.845 1.0
2.846 0.951056516295
2.847 0.809016994375
2.848 0.587785252293
2.849 0.309016994375
2.85 2.9280106665e-15
2.851 -0.309016994375
2.852 -0.587785252292
2.853 -0.809016994375
2.854 -0.951056516295
2.855 -1.0
2.856 -0.951056516295
2.857 -0.809016994375
2.858 -0.587785252292
2.859 -0.309016994375
2.86 -1.37086163828e-14
2.861 0.309016994375
2.862 0.587785252293
2.863 0.809016994375
2.864 0.951056516295
2.865 1.0
2.866 0.951056516295
2.867 0.809016994375
2.868 0.587785252292
2.869 0.309016994375
2.87 -8.91976156225e-14
2.871 -0.309016994375
2.872 -0.587785252292
2.873 -0.809016994375
2.874 -0.951056516295
2.875 -1.0
2.876 -0.951056516295
2.877 -0.809016994375
2.878 -0.587785252292
2.879 -0.309016994375
2.88 -3.52698278154e-14
2.881 0.309016994375
2.882 0.587785252293
2.883 0.809016994375
2.884 0.951056516295
2.885 1.0
2.886 0.951056516295
2.887 0.809016994375
2.888 0.587785252292
2.889 0.309016994375
2.89 -6.76364041899e-14
2.891 -0.309016994375
2.892 -0.587785252292
2.893 -0.809016994375
2.894 -0.951056516295
2.895 -1.0
2.896 -0.951056516295
2.897 -0.809016994375
2.898 -0.587785252292
2.899 -0.309016994375
2.9 -5.68310392481e-14
2.901 0.309016994375
2.902 0.587785252292
2.903 0.809016994375
2.904 0.951056516295
2.905 1.0
2.906 0.951056516295
2.907 0.809016994375
2.908 0.587785252293
2.909 0.309016994375
2.91 -4.60751927572e-14
2.911 -0.309016994375
2.912 -0.587785252292
2.913 -0.809016994375
2.914 -0.951056516295
2.915 -1.0
2.916 -0.951056516295
2.917 -0.809016994375
2.918 -0.587785252292
2.919 -0.309016994375
2.92 3.52945870409e-14
2.921 0.309016994375
2.922 0.587785252292
2.923 0.809016994375
2.924 0.951056516295
2.925 1.0
2.926 0.951056516295
2.927 0.809016994375
2.928 0.587785252293
2.929 0.309016994375
2.93 -2.45139813246e-14
2.931 -0.309016994375
2.932 -0.587785252292
2.933 -0.809016994375
2.934 -0.951056516295
2.935 -1.0
2.936 -0.951056516295
2.937 -0.809016994375
2.938 -0.587785252292
2.939 -0.309016994375
2.94 1.37333756083e-14
2.941 0.309016994375
2.942 0.587785252293
2.943 0.809016994375
2.944 0.951056516295
2.945 1.0
2.946 0.951056516295
2.947 0.809016994375
2.948 0.587785252292
2.949 0.309016994375
2.95 -1.16639607614e-13
2.951 -0.309016994375
2.952 -0.587785252292
2.953 -0.809016994375
2.954 -0.951056516295
2.955 -1.0
2.956 -0.951056516295
2.957 -0.809016994375
2.958 -0.587785252292
2.959 -0.309016994375
2.96 -7.82783582436e-15
2.961 0.309016994375
2.962 0.587785252293
2.963 0.809016994375
2.964 0.951056516295
2.965 1.0
2.966 0.951056516295
2.967 0.809016994375
2.968 0.587785252292
2.969 0.309016994375
2.97 -9.50783961809e-14
2.971 -0.309016994375
2.972 -0.587785252292
2.973 -0.809016994375
2.974 -0.951056516295
2.975 -1.0
2.976 -0.951056516295
2.977 -0.809016994375
2.978 -0.587785252292
2.979 -0.309016994375
2.98 -2.9389047257e-14
2.981 0.309016994375
2.982 0.587785252293
2.983 0.809016994375
2.984 0.951056516295
2.985 1.0
2.986 0.951056516295
2.987 0.809016994375
2.988 0.587785252292
2.989 0.309016994375
2.99 -7.35171847483e-14
2.991 -0.309016994375
2.992 -0.587785252293
2.993 -0.809016994375
2.994 -0.951056516295
2.995 -1.0
2.996 -0.951056516295
2.997 -0.809016994375
2.998 -0.587785252292
2.999 -0.309016994375
