0.0 0.236148074526
0.001 0.738566680224
0.002 0.898294875503
0.003 0.85271532848
0.004 1.18304791043
0.005 0.938892121593
0.006 0.728253920716
0.007 1.15408581586
0.008 1.26451630264
0.009 0.859271799661
0.01 0.322082770247
0.011 -0.090862200944
0.012 -0.658923036297
0.013 -0.252705243524
0.014 -0.222776206406
0.015 -0.410260719676
0.016 -0.884982612806
0.017 0.113301962768
0.018 0.391453720227
0.019 0.257443668407
0.02 0.875831632035
0.021 1.25810865303
0.022 1.61952519006
0.023 1.59423140058
0.024 2.07047488349
0.025 1.96512634957
0.026 1.92765368204
0.027 1.27476844565
0.028 1.45463368041
0.029 1.56215967778
0.03 1.28411339437
0.031 0.294668720778
0.032 -0.0480531057644
0.033 0.426707534544
0.034 -0.149114570678
0.035 0.127754113208
0.036 -0.461382997948
0.037 -0.278041613441
0.038 0.471680205677
0.039 0.57793852481
0.04 1.17995950825
0.041 0.833952052535
0.042 1.51969886581
0.043 1.37275111649
0.044 1.53218356239
0.045 2.48201302391
0.046 2.32574700959
0.047 1.46472849859
0.048 2.01350772629
0.049 1.76222167289
0.05 1.44114536516
0.051 0.816630247223
0.052 0.154046092302
0.053 0.429717422846
0.054 0.267390668125
0.055 -0.495766772608
0.056 0.26405492744
0.057 0.541380568703
0.058 0.727566010563
0.059 0.947670141082
0.06 1.12465313311
0.061 1.55660500219
0.062 1.65922131571
0.063 1.38710081696
0.064 1.81937622733
0.065 2.36738226665
0.066 1.43043430833
0.067 1.31307628788
0.068 1.18464344933
0.069 0.904281524463
0.07 0.612122243942
0.071 0.886295504487
0.072 0.502974027898
0.073 0.386720059551
0.074 0.0243214455661
0.075 -0.0942950270925
0.076 0.0620364686147
0.077 -0.164037659271
0.078 0.170088736727
0.079 0.500688515371
0.08 0.988144166466
0.081 0.934905318075
0.082 0.991486425752
0.083 1.68170355051
0.084 1.48368353725
0.085 1.37746553085
0.086 1.07604426888
0.087 1.01703817124
0.088 1.08501355106
0.089 0.97561991038
0.09 0.424960089829
0.091 -0.46300666439
0.092 -0.315801151611
0.093 -0.561838276254
0.094 -1.06051155554
0.095 -1.1341103158
0.096 -0.441753794407
0.097 -0.297575632203
0.098 -0.7307015187
0.099 -0.431401645873
0.1 0.322522236967
0.101 0.473573907843
0.102 0.0567091654002
0.103 0.832991576154
0.104 0.326834081355
0.105 0.807429920272
0.106 0.414155086284
0.107 0.421404669398
0.108 0.0395385181991
0.109 -0.0986227054135
0.11 -0.758533372583
0.111 -0.746257331907
0.112 -0.824298555811
0.113 -1.2309040714
0.114 -1.45588558961
0.115 -1.37731674205
0.116 -0.934247580007
0.117 -1.44434235158
0.118 -0.869774747192
0.119 -0.822642402983
0.12 -0.12742615074
0.121 0.174415016551
0.122 -0.397969425072
0.123 0.393410491054
0.124 -0.0869763592177
0.125 0.447824947342
0.126 0.524824182617
0.127 -0.425717938802
0.128 -0.657010317964
0.129 -0.915970432884
0.13 -0.730147475831
0.131 -1.2381680622
0.132 -1.50842059459
0.133 -2.01914517365
0.134 -2.12740145044
0.135 -1.96995768737
0.136 -2.32622983188
0.137 -1.95827351227
0.138 -1.24526045925
0.139 -1.01240079331
0.14 -1.15306545309
0.141 -0.914108057856
0.142 -0.663177220032
0.143 -0.0775346649951
0.144 0.0746666577395
0.145 0.472837024798
0.146 0.0580469098472
0.147 -0.112543429823
0.148 -0.0587480229278
0.149 -0.533430997289
0.15 -0.779204062462
0.151 -0.957281110762
0.152 -1.49604356176
0.153 -1.71793905907
0.154 -1.46961678777
0.155 -2.17235343541
0.156 -1.8132056055
0.157 -1.99229609283
0.158 -1.13617168754
0.159 -1.56706812949
0.16 -0.991332034942
0.161 -0.743467816192
0.162 -0.366497584466
0.163 0.0966417533323
0.164 -0.219251856784
0.165 0.316845847298
0.166 0.0697818158216
0.167 0.235169616418
0.168 -0.439699603816
0.169 -0.378164773291
0.17 -1.05017235213
0.171 -1.55845119995
0.172 -0.858650419162
0.173 -1.2718585318
0.174 -2.07037148448
0.175 -1.5733250605
0.176 -1.23580267349
0.177 -1.5977776219
0.178 -0.99558821771
0.179 -0.965879038317
0.18 -0.979205393339
0.181 -0.659854155889
0.182 0.318134835389
0.183 0.72301314862
0.184 0.948822429676
0.185 0.585517066311
0.186 0.226999977086
0.187 0.0897702723915
0.188 -0.253809090423
0.189 -0.459516136507
0.19 -0.300539785698
0.191 -0.203119221723
0.192 -0.487444684626
0.193 -1.2999980824
0.194 -1.43557843984
0.195 -1.42878645189
0.196 -1.03579875499
0.197 -0.926782091433
0.198 -0.471277801256
0.199 -0.407123012497
0.2 0.0129331875083
0.201 0.117155536805
0.202 0.642538500107
0.203 1.28941148552
0.204 1.19599261263
0.205 1.17611607763
0.206 0.758114951834
0.207 1.07369822472
0.208 1.11770377018
0.209 1.05377260572
0.21 0.00467861731804
0.211 0.461267984426
0.212 -0.596699246301
0.213 -0.379137760031
0.214 -0.26451786464
0.215 -0.972049411556
0.216 -0.401830252694
0.217 0.193636916159
0.218 0.379289055139
0.219 0.700572663757
0.22 0.686623658759
0.221 1.41872821471
0.222 1.14543273039
0.223 1.80113897098
0.224 1.31992294609
0.225 1.96762374265
0.226 1.33268676077
0.227 1.62914236693
0.228 1.11758299312
0.229 1.45120152713
0.23 0.577715560805
0.231 0.497341871862
0.232 0.134395978564
0.233 0.0746500605198
0.234 -0.398033235233
0.235 -0.121635250562
0.236 0.0968195851854
0.237 -0.301604898513
0.238 0.492044954253
0.239 0.330702119126
0.24 1.16461024001
0.241 1.47323251283
0.242 1.30985391076
0.243 1.7206791518
0.244 2.19397038466
0.245 1.91452749583
0.246 2.04396997739
0.247 2.20884321241
0.248 1.61397541929
0.249 0.972557405199
0.25 0.694389019848
0.251 0.581105330993
0.252 0.903302501421
0.253 0.343544944737
0.254 0.306977788833
0.255 0.0467443979881
0.256 0.491767118195
0.257 0.373456891215
0.258 0.87400276049
0.259 0.611662498346
0.26 0.91677383031
0.261 0.859466877633
0.262 1.85810758676
0.263 1.73605844283
0.264 2.1306832359
0.265 1.92141280914
0.266 2.01614003975
0.267 1.90343357246
0.268 1.16243419012
0.269 0.948591094573
0.27 0.380955359187
0.271 0.895377842717
0.272 -0.303994012891
0.273 -0.444988953453
0.274 -0.717931982773
0.275 0.0632469544302
0.276 0.122255543257
0.277 0.0552158111582
0.278 -0.392344911796
0.279 0.629965035715
0.28 1.05680502261
0.281 0.987258317494
0.282 0.793809597306
0.283 1.48646759768
0.284 1.63799121328
0.285 1.14446043358
0.286 1.49293031846
0.287 1.59892550021
0.288 1.39103586229
0.289 0.896916817343
0.29 0.0539774171838
0.291 0.164147300379
0.292 -0.806576988782
0.293 -0.158107523837
0.294 -0.708969976834
0.295 -0.963355196361
0.296 -0.988597567845
0.297 -0.370154825291
0.298 -0.201553512673
0.299 -0.484805094429
0.3 -0.0206263391762
0.301 -0.0759765715867
0.302 0.434117476313
0.303 0.231805148109
0.304 0.702148587979
0.305 1.32415322021
0.306 0.362697783077
0.307 0.239272557473
0.308 0.26541392693
0.309 0.0094094566125
0.31 -0.227699911393
0.311 -0.928303171752
0.312 -0.79689835591
0.313 -1.38562005245
0.314 -0.982332379679
0.315 -1.11016244957
0.316 -1.24970232431
0.317 -1.46022872366
0.318 -0.833818526016
0.319 -0.984544164577
0.32 -1.08038634214
0.321 -0.0866844918198
0.322 -0.223404773443
0.323 0.033969670681
0.324 0.215752770668
0.325 0.696689279845
0.326 0.696541147217
0.327 0.26311464374
0.328 -0.597756697757
0.329 -0.967640695562
0.33 -1.20666529924
0.331 -0.918284752103
0.332 -1.78718245108
0.333 -1.99812342384
0.334 -1.89129560552
0.335 -1.57209082611
0.336 -2.04644847067
0.337 -1.54711600845
0.338 -1.62604416247
0.339 -1.2176639587
0.34 -1.02650163562
0.341 -1.10362147601
0.342 -0.0819319860962
0.343 -0.484427039993
0.344 -0.0833208508648
0.345 -0.198581585065
0.346 -0.341343423726
0.347 -0.375309192124
0.348 -0.0039571651946
0.349 -0.281538116682
0.35 -1.24546111422
0.351 -0.828847791442
0.352 -1.66520917747
0.353 -1.40253786311
0.354 -1.91061906262
0.355 -1.57195134331
0.356 -2.19209759691
0.357 -1.34290601115
0.358 -1.67554961635
0.359 -1.51082359329
0.36 -0.472333309825
0.361 -0.823113166634
0.362 -0.288815328606
0.363 -0.107721390936
0.364 -0.119357464421
0.365 0.403975976515
0.366 -0.0598914890428
0.367 0.246948948117
0.368 0.113889131489
0.369 -0.867224053819
0.37 -0.701208319265
0.371 -1.0960827817
0.372 -1.49665405409
0.373 -1.9041348473
0.374 -1.30210602964
0.375 -1.79309578115
0.376 -1.48349349572
0.377 -1.93854092844
0.378 -1.65846133647
0.379 -0.600710825698
0.38 -0.103052952674
0.381 -0.0453009263456
0.382 0.547413348124
0.383 -0.0491762805141
0.384 -0.0284755465428
0.385 0.735534510056
0.386 0.844820878998
0.387 0.708097971498
0.388 -0.0628338049966
0.389 -0.365377987142
0.39 -0.804360489544
0.391 -0.832321405962
0.392 -1.32623417977
0.393 -1.24471539833
0.394 -1.37260230834
0.395 -0.877953591997
0.396 -0.875914826404
0.397 -1.35266040875
0.398 -0.195304218545
0.399 -0.696685426613
0.4 -0.076982668999
0.401 0.689599795631
0.402 0.744785163094
0.403 1.13459753951
0.404 1.4776333661
0.405 1.50246464644
0.406 0.835473954831
0.407 0.787787030657
0.408 0.998113657479
0.409 0.864708637697
0.41 0.306949197532
0.411 0.168638342862
0.412 -0.33836405502
0.413 0.00839364351048
0.414 -0.610792991195
0.415 -0.128743865832
0.416 -0.00347912649716
0.417 -0.0705096796286
0.418 0.207025092679
0.419 0.53427681172
0.42 0.636716818913
0.421 0.732945767808
0.422 0.838277774987
0.423 1.87380268314
0.424 1.20359881776
0.425 1.66570359116
0.426 1.30370875894
0.427 1.47992392248
0.428 1.72592635811
0.429 0.975862497519
0.43 1.0404806508
0.431 0.513085487609
0.432 0.362755895162
0.433 -0.256673409665
0.434 -0.341665617562
0.435 0.316338793435
0.436 -0.182815763884
0.437 -0.198241069388
0.438 0.0879199942386
0.439 0.188495855247
0.44 1.00228274108
0.441 1.63036914826
0.442 1.50100822902
0.443 1.37937642636
0.444 1.83066347149
0.445 1.86240457584
0.446 2.09186531054
0.447 1.40530957797
0.448 1.99207740967
0.449 1.48967084242
0.45 1.07674564202
0.451 0.396370333148
0.452 0.709619743685
0.453 0.558791097976
0.454 -0.396431914491
0.455 -0.107827499294
0.456 0.103667838709
0.457 -0.160299678343
0.458 0.147561040089
0.459 0.987495418302
0.46 1.2107012967
0.461 1.43264022035
0.462 1.96373438815
0.463 2.10844172917
0.464 2.30995429883
0.465 1.82484395182
0.466 1.48677741599
0.467 1.31874814395
0.468 1.45077198382
0.469 0.73893287014
0.47 1.04861605619
0.471 0.242284769581
0.472 0.0283295659315
0.473 0.376583561215
0.474 -0.492217485561
0.475 -0.404457950158
0.476 0.213817706555
0.477 0.263524974584
0.478 -0.178240848663
0.479 0.345922417727
0.48 0.612214525581
0.481 0.684815821032
0.482 0.953026127606
0.483 0.833208014043
0.484 1.17035288553
0.485 1.34097203337
0.486 1.66234148661
0.487 1.07052724429
0.488 1.32402205067
0.489 0.849761644835
0.49 0.364303165552
0.491 -0.127823071602
0.492 -0.223203619181
0.493 -0.443433381579
0.494 -0.284595719776
0.495 -1.29597155524
0.496 -1.11828544757
0.497 -0.722828089368
0.498 -0.660698289899
0.499 -0.713739270612
0.5 0.0809137998712
0.501 0.208904886629
0.502 0.125034760461
0.503 0.243839854977
0.504 0.737802093192
0.505 0.69210499488
0.506 0.876115999294
0.507 0.557059404922
0.508 0.0901940086902
0.509 -0.0575977986596
0.51 -0.34991785612
0.511 -0.835291879458
0.512 -0.652641351199
0.513 -1.02276883504
0.514 -1.77698940024
0.515 -1.11792278482
0.516 -1.31086538777
0.517 -1.55619444621
0.518 -1.51497099442
0.519 -1.10623168362
0.52 -0.267066858365
0.521 -0.574090532086
0.522 0.0408280005793
0.523 0.311930449217
0.524 0.424232552961
0.525 -0.189656588104
0.526 -0.213735187085
0.527 0.546525828188
0.528 -0.660613642481
0.529 -0.628047124969
0.53 -0.649886411982
0.531 -1.49176049701
0.532 -1.39060624427
0.533 -1.65858338734
0.534 -1.77715522736
0.535 -2.12326223763
0.536 -1.95820352456
0.537 -1.75107133809
0.538 -1.51047292735
0.539 -1.03065842312
0.54 -0.936356456046
0.541 -0.473124721118
0.542 -0.030065285975
0.543 0.00180331729237
0.544 0.463688085601
0.545 0.258165274503
0.546 -0.529288934838
0.547 0.298031860004
0.548 0.0797316591609
0.549 -0.256932678151
0.55 -0.953530705778
0.551 -1.29724191992
0.552 -1.94810098217
0.553 -1.94709841813
0.554 -1.66895652328
0.555 -1.62295725949
0.556 -1.96290855061
0.557 -1.38731345247
0.558 -1.90815620005
0.559 -0.99606439821
0.56 -1.18317141977
0.561 -0.849872077604
0.562 -0.61822857169
0.563 0.137846660868
0.564 -0.00973726665632
0.565 0.0476216017406
0.566 0.460403015315
0.567 -0.10102258046
0.568 -0.473080687455
0.569 -0.105309616181
0.57 -1.08060463434
0.571 -1.45479587565
0.572 -1.20600815717
0.573 -1.58518344694
0.574 -2.12590176242
0.575 -1.61276772503
0.576 -1.30385857377
0.577 -1.31647940322
0.578 -1.41217046053
0.579 -0.461053439761
0.58 -0.115572421805
0.581 -0.626847294175
0.582 -0.00172730722537
0.583 -0.0110362219136
0.584 0.77577891638
0.585 0.319202115752
0.586 0.690290621927
0.587 0.262172933675
0.588 -0.0682825220496
0.589 0.332542723558
0.59 -0.0300966230668
0.591 -0.955648960846
0.592 -0.805174095337
0.593 -0.799264009857
0.594 -1.10992907963
0.595 -1.41229489514
0.596 -0.890121180819
0.597 -0.835457124388
0.598 -0.467322026686
0.599 -0.432785211871
0.6 -0.282523350956
0.601 0.3594831142
0.602 0.453823767229
0.603 0.94123230716
0.604 1.4210876239
0.605 1.11421032046
0.606 1.23291272178
0.607 1.33123195632
0.608 1.037292103
0.609 0.490072902964
0.61 0.250445865155
0.611 -0.0597790138297
0.612 0.198514529365
0.613 -0.222956865701
0.614 -0.476413258641
0.615 -0.275449680436
0.616 -0.284700693946
0.617 -0.0654999818101
0.618 0.153456296486
0.619 -0.111712555105
0.62 0.891677151704
0.621 0.61032447153
0.622 1.01394416046
0.623 1.79413685819
0.624 1.30532795619
0.625 1.23990450822
0.626 1.68669287028
0.627 1.52381056168
0.628 0.90920775489
0.629 1.44870633084
0.63 0.660853327294
0.631 0.453977414849
0.632 -0.235966984948
0.633 0.304636183749
0.634 0.122211522345
0.635 -0.363647841089
0.636 -0.0054466694729
0.637 0.541162262025
0.638 0.75158448678
0.639 0.198258115635
0.64 0.881916332472
0.641 1.54206275754
0.642 1.87590419744
0.643 2.07149693779
0.644 1.76024287451
0.645 2.14330153987
0.646 2.23180885747
0.647 1.4297024136
0.648 1.57153675123
0.649 1.79593643435
0.65 0.604045134403
0.651 0.541391054201
0.652 0.0385915750038
0.653 0.229432234414
0.654 -0.374302010636
0.655 -0.309209606049
0.656 0.429307002693
0.657 -0.302593943422
0.658 0.496695651312
0.659 0.223164383576
0.66 1.14990491913
0.661 1.41239706222
0.662 1.47564735069
0.663 2.1243405122
0.664 1.72722928347
0.665 2.17474341086
0.666 1.65599035613
0.667 1.69141520423
0.668 1.35524921431
0.669 1.63399338587
0.67 1.27636229299
0.671 0.634085666752
0.672 -0.102404268489
0.673 -0.034458593181
0.674 -0.461214551676
0.675 0.00299273178485
0.676 -0.673470841725
0.677 0.0852885551898
0.678 0.387459954381
0.679 0.172492348699
0.68 0.276576090376
0.681 0.977407968776
0.682 1.04680404737
0.683 0.879131502066
0.684 1.09775250663
0.685 1.01938166105
0.686 1.27485082946
0.687 1.12836331447
0.688 1.41841158907
0.689 1.00030055632
0.69 -0.165900934204
0.691 0.397824271123
0.692 -0.64969070277
0.693 -1.07839493818
0.694 -0.272807131758
0.695 -0.430189920729
0.696 -1.12504713644
0.697 -0.634941764816
0.698 -0.485615910004
0.699 -0.407627613727
0.7 0.320241023646
0.701 -0.132059720449
0.702 0.582086715457
0.703 0.223051809743
0.704 1.31644984699
0.705 1.04376205918
0.706 0.323480350982
0.707 0.824172435997
0.708 0.117371089378
0.709 0.298307623184
0.71 0.0657755935024
0.711 -0.708272841293
0.712 -1.29033667283
0.713 -1.25152819838
0.714 -1.14422863675
0.715 -1.45515346069
0.716 -1.21461645957
0.717 -0.828986796425
0.718 -0.927157733801
0.719 -0.743485258445
0.72 -0.337820066941
0.721 -0.515083149758
0.722 0.266726444477
0.723 0.645010974977
0.724 0.0955250844315
0.725 0.660613222715
0.726 0.583935206654
0.727 -0.363125425882
0.728 0.0500832757331
0.729 -0.435714079449
0.73 -0.401510220428
0.731 -1.52601341779
0.732 -1.59007541119
0.733 -1.66246294597
0.734 -2.23189877277
0.735 -1.91086500809
0.736 -2.2003618155
0.737 -1.63502460228
0.738 -1.75575710414
0.739 -1.26372810092
0.74 -1.40783426806
0.741 -0.787945381836
0.742 -0.127240136164
0.743 -0.466892186716
0.744 0.0626031461165
0.745 -0.315488901977
0.746 0.355864246122
0.747 -0.406140220069
0.748 -0.80769079208
0.749 -0.673238309134
0.75 -1.01496895589
0.751 -1.76486620664
0.752 -1.67688907983
0.753 -2.06153614965
0.754 -2.2633055522
0.755 -1.5982421665
0.756 -1.9335258774
0.757 -2.22767764979
0.758 -1.48644754219
0.759 -0.955419793993
0.76 -0.670493400572
0.761 -0.764230646781
0.762 -0.13705583934
0.763 0.186109891897
0.764 0.546070603707
0.765 0.246440710904
0.766 0.533213668429
0.767 -0.0675702562362
0.768 -0.0762527158193
0.769 -0.298704005814
0.77 -0.476878487973
0.771 -0.91619289169
0.772 -1.83695773238
0.773 -1.73690663844
0.774 -2.12852257082
0.775 -2.18915061436
0.776 -2.10253158132
0.777 -1.88661323883
0.778 -1.27237995219
0.779 -0.80818946291
0.78 -0.41144445863
0.781 -0.304796199017
0.782 0.127059074551
0.783 0.404382763733
0.784 0.963037065209
0.785 0.421574826746
0.786 0.667436196324
0.787 -0.0157383730986
0.788 0.605823725848
0.789 0.134198532057
0.79 -0.0350974306636
0.791 -0.734522104365
0.792 -1.00063098896
0.793 -1.30575916332
0.794 -0.65216796033
0.795 -0.889097164341
0.796 -1.30020773494
0.797 -1.00851485159
0.798 -0.900062092767
0.799 -0.210388589813
0.8 -0.476935438755
0.801 -0.0791087494762
0.802 0.295155207827
0.803 1.09719522823
0.804 1.50257614222
0.805 1.00261125284
0.806 0.768967524586
0.807 1.27709579067
0.808 1.10563445631
0.809 0.0985519206836
0.81 -0.000298677463331
0.811 -0.411769772373
0.812 0.0542758469872
0.813 -0.331151931291
0.814 -0.769905189075
0.815 -0.791973171316
0.816 -0.181559024045
0.817 -0.221947811602
0.818 0.291692247582
0.819 0.662353810206
0.82 0.958879327577
0.821 1.09381855928
0.822 1.0449558111
0.823 1.62757008927
0.824 1.8421047908
0.825 1.40244248961
0.826 1.94123818149
0.827 1.62528557543
0.828 1.26631906379
0.829 0.915028045125
0.83 1.11190098202
0.831 0.687457680049
0.832 0.694769542391
0.833 0.0360596155641
0.834 -0.246270307933
0.835 -0.295306598323
0.836 -0.0398651352472
0.837 0.543583403508
0.838 -0.13157246649
0.839 0.933686295306
0.84 1.16738125888
0.841 1.09898402101
0.842 1.72014563424
0.843 1.99580447775
0.844 2.40986423806
0.845 1.9937722057
0.846 2.26227845638
0.847 1.68501877502
0.848 1.16569200263
0.849 1.27800970652
0.85 0.731280904208
0.851 0.560496644199
0.852 0.464992944221
0.853 -0.0441474364083
0.854 0.21959267543
0.855 -0.393253230294
0.856 0.374534816733
0.857 0.358623438153
0.858 0.452336370458
0.859 0.311568064344
0.86 0.803799575097
0.861 1.5942798085
0.862 1.39246856062
0.863 2.1300333023
0.864 1.36932774159
0.865 2.30015220567
0.866 1.52076282415
0.867 1.50356931002
0.868 1.88982379442
0.869 1.20885379709
0.87 0.431129004231
0.871 0.36709849381
0.872 0.0438187267308
0.873 0.397800658201
0.874 -0.450201145288
0.875 -0.0801885189589
0.876 0.187730368934
0.877 0.0379836419622
0.878 0.193701476952
0.879 0.286574480225
0.88 0.775582869712
0.881 0.559429370035
0.882 0.935930783844
0.883 1.06986276155
0.884 1.37975378666
0.885 1.81096528054
0.886 1.839858854
0.887 1.08229123508
0.888 1.28555961444
0.889 0.166598689155
0.89 0.7097824612
0.891 0.133592481574
0.892 0.0616708986883
0.893 -0.278241513925
0.894 -1.17203339773
0.895 -0.762959946158
0.896 -0.949688198292
0.897 -0.978301175769
0.898 -0.979143903321
0.899 0.140471999308
0.9 -0.287163468642
0.901 -0.0398059463437
0.902 0.433638569237
0.903 0.475281464495
0.904 1.29455037458
0.905 0.89804643748
0.906 0.370338814892
0.907 0.181928784403
0.908 0.159361471288
0.909 0.152362842189
0.91 -0.676611562694
0.911 -0.76064121455
0.912 -0.750658991849
0.913 -1.25453277747
0.914 -1.68599461393
0.915 -1.69160916462
0.916 -1.1518423289
0.917 -1.64039127193
0.918 -1.53653149698
0.919 -1.15649743972
0.92 -0.63376094585
0.921 -0.73264319396
0.922 0.138093133775
0.923 0.553678959715
0.924 0.282779098786
0.925 0.246964709516
0.926 0.608423204434
0.927 0.128952436839
0.928 -0.287943491717
0.929 -0.70621104984
0.93 -0.358684053607
0.931 -0.866443630575
0.932 -1.03373745139
0.933 -1.54330824327
0.934 -1.74783655657
0.935 -1.77007190224
0.936 -1.74804120208
0.937 -1.94810247826
0.938 -1.98250104451
0.939 -1.1303431004
0.94 -1.39103736562
0.941 -1.1226788089
0.942 -0.849767985531
0.943 -0.3380268274
0.944 0.443952885049
0.945 -0.0860903634911
0.946 -0.205779841283
0.947 -0.599367718892
0.948 -0.057820193747
0.949 -0.468017152422
0.95 -1.08700040157
0.951 -0.866757037614
0.952 -1.68222468757
0.953 -2.0361143986
0.954 -1.5810300844
0.955 -2.36946081181
0.956 -2.0279851221
0.957 -1.78258964348
0.958 -1.91528576493
0.959 -1.43724067077
0.96 -1.18084645686
0.961 -0.404707027716
0.962 -0.376707897341
0.963 -0.48913285614
0.964 -0.347282183438
0.965 -0.325004710377
0.966 0.237878754881
0.967 -0.438737140254
0.968 -0.71825481721
0.969 -0.219189144404
0.97 -0.4951761291
0.971 -1.10263026541
0.972 -1.70184928504
0.973 -1.98257818413
0.974 -1.48732708426
0.975 -1.99372101202
0.976 -1.66368432062
0.977 -1.45493543261
0.978 -0.928845614986
0.979 -1.15278956259
0.98 -0.960851202834
0.981 0.0874458344395
0.982 -0.298241916205
0.983 0.446808514638
0.984 0.483423709518
0.985 0.804972549179
0.986 0.814461937568
0.987 0.723983169023
0.988 0.17983667173
0.989 -0.493091535085
0.99 0.125439351589
0.991 -0.707135996088
0.992 -0.641891602142
0.993 -0.806354711255
0.994 -1.30591047012
0.995 -1.54057964394
0.996 -1.45551736304
0.997 -0.49680640527
0.998 -0.495812011653
0.999 -0.319366360261
1.0 0.154113304375
1.001 0.171346833273
1.002 0.511088077064
1.003 1.13605478587
1.004 1.04498267014
1.005 1.44230742592
1.006 1.22613123216
1.007 1.48749638913
1.008 0.834074944876
1.009 0.103127518409
1.01 -0.156452761955
1.011 0.227036752675
1.012 -0.257780558246
1.013 0.0163240995163
1.014 -0.609872659697
1.015 -0.756264487434
1.016 -0.809238072957
1.017 0.030841822382
1.018 -0.105155672916
1.019 0.332272382718
1.02 0.339627561546
1.021 1.39997455928
1.022 1.3658898603
1.023 1.36496291422
1.024 1.72802356368
1.025 1.77502811656
1.026 1.44174242236
1.027 1.8749864737
1.028 1.46242261608
1.029 1.11025966869
1.03 0.455645893136
1.031 0.438141368328
1.032 -0.0862349031278
1.033 -0.151168792322
1.034 0.133594763951
1.035 -0.109781259601
1.036 0.248643617872
1.037 0.158796969048
1.038 0.533828246208
1.039 0.883716017134
1.04 1.40111719303
1.041 0.981799258808
1.042 1.77045996393
1.043 1.34522542209
1.044 1.81951883418
1.045 2.19651501298
1.046 1.48844306961
1.047 1.97900400419
1.048 1.85438569745
1.049 1.19799709513
1.05 0.990567195225
1.051 1.02920747948
1.052 0.325923746813
1.053 0.604435182204
1.054 0.172883164792
1.055 0.170211590883
1.056 0.0281678634616
1.057 0.434128517635
1.058 -0.00248488448941
1.059 0.286217499311
1.06 1.40504373784
1.061 1.60678970974
1.062 1.46729647662
1.063 2.08119217819
1.064 2.21671343501
1.065 1.59492011171
1.066 1.33070113855
1.067 1.22948613251
1.068 1.34560192891
1.069 0.895375896868
1.07 0.432684928525
1.071 0.670589954569
1.072 -0.220856416893
1.073 -0.442113325867
1.074 -0.716332738
1.075 -0.791556609225
1.076 0.19463710202
1.077 -0.462741069258
1.078 0.355438262297
1.079 -0.0738135918736
1.08 0.302273071023
1.081 0.381879863505
1.082 0.691648188035
1.083 1.47667796506
1.084 1.04935576612
1.085 1.6675870853
1.086 1.6309696912
1.087 0.867731823338
1.088 1.28746459606
1.089 0.898018884493
1.09 0.536917851008
1.091 -0.455399863465
1.092 -0.789447098057
1.093 -0.7957120755
1.094 -0.95925653065
1.095 -1.01865713432
1.096 -0.394950283344
1.097 -0.87070395777
1.098 -0.783665347239
1.099 0.196230699902
1.1 -0.115889364622
1.101 -0.0227152051068
1.102 0.739250896322
1.103 0.338296482423
1.104 0.956021332833
1.105 0.58900967691
1.106 0.520534076543
1.107 0.557186908528
1.108 -0.0791694461102
1.109 0.0719470677458
1.11 0.0602061254171
1.111 -0.909682396237
1.112 -0.872182984901
1.113 -0.864166347889
1.114 -1.82652502408
1.115 -1.59479705615
1.116 -1.52217901825
1.117 -1.15461463986
1.118 -0.625993046217
1.119 -1.34707525014
1.12 -0.172589179824
1.121 -0.101812778747
1.122 -0.458615349304
1.123 0.235150140127
1.124 0.074747092489
1.125 0.122626949774
1.126 0.0196811264645
1.127 -0.32851024763
1.128 -0.354905079086
1.129 -0.400058388046
1.13 -0.52285631141
1.131 -0.862711747572
1.132 -1.81383809
1.133 -1.88875473222
1.134 -2.24272943311
1.135 -1.99223776942
1.136 -2.34081810752
1.137 -1.43685410004
1.138 -1.80383425329
1.139 -0.890268052111
1.14 -0.948748730076
1.141 -0.241506364227
1.142 -0.0801459867616
1.143 -0.611379464052
1.144 0.160484231777
1.145 -0.467470153291
1.146 -0.430456928008
1.147 -0.473443219963
1.148 -0.26233851787
1.149 -0.641710699656
1.15 -1.38314177946
1.151 -1.12353234897
1.152 -1.09486066133
1.153 -1.46880705283
1.154 -1.90682360246
1.155 -2.32886950554
1.156 -1.9748042107
1.157 -2.25415435106
1.158 -1.67345562686
1.159 -1.10286418805
1.16 -0.851083489914
1.161 -0.310097908613
1.162 0.108617113191
1.163 -0.189830711114
1.164 -0.246734388429
1.165 -0.288958949968
1.166 -0.28081411647
1.167 -0.1452566959
1.168 -0.128962598891
1.169 -0.911007473817
1.17 -0.791408367245
1.171 -1.47961619188
1.172 -1.16071257801
1.173 -1.25776426603
1.174 -1.6537973724
1.175 -1.69840049853
1.176 -1.6081861906
1.177 -1.19518933723
1.178 -1.58804879712
1.179 -1.29002435666
1.18 -0.17737440078
1.181 -0.00550365622382
1.182 0.201141306445
1.183 -0.0283738388627
1.184 0.11901975476
1.185 0.92150741207
1.186 0.777083553462
1.187 0.123283175644
1.188 0.544918307119
1.189 -0.18257800797
1.19 -0.214746825426
1.191 -0.6176994668
1.192 -0.443441697519
1.193 -1.41108414363
1.194 -1.54898021281
1.195 -1.15326440046
1.196 -0.752119626863
1.197 -0.405936664368
1.198 -0.528091597061
1.199 -0.0255716988273
1.2 -0.277417978131
1.201 0.409126107594
1.202 0.738277837148
1.203 0.805079960183
1.204 0.720559528038
1.205 1.05959797219
1.206 1.21298695657
1.207 1.09089344824
1.208 1.07656428135
1.209 0.176563818423
1.21 -0.0770526728865
1.211 0.149296389799
1.212 -0.619622494905
1.213 -0.680236969537
1.214 -0.137014519964
1.215 -0.887454362763
1.216 -0.32762577337
1.217 -0.119009115822
1.218 0.358408426005
1.219 0.414644232994
1.22 0.711881294339
1.221 1.14011371679
1.222 1.20653501565
1.223 1.62393776939
1.224 1.35178264483
1.225 1.40220243744
1.226 1.73693032951
1.227 1.05955270356
1.228 0.925200015385
1.229 0.773682112982
1.23 0.702827405166
1.231 0.860844276292
1.232 0.279569672908
1.233 0.266650407701
1.234 -0.560843693905
1.235 -0.0995188319698
1.236 0.0733935424466
1.237 0.491077697651
1.238 0.520066063593
1.239 0.831169171388
1.24 0.822776446709
1.241 1.2799890834
1.242 1.07200139601
1.243 1.55997316187
1.244 1.89733074898
1.245 2.41088202603
1.246 2.34604534963
1.247 2.0083410814
1.248 1.72201365154
1.249 0.912290823054
1.25 1.42830397385
1.251 0.804126847817
1.252 0.558199738774
1.253 0.620252638452
1.254 0.503189860918
1.255 0.0145365953669
1.256 -0.221127011648
1.257 0.140199234213
1.258 0.661288213631
1.259 0.408667482636
1.26 0.648884865936
1.261 1.0558204437
1.262 1.13543628619
1.263 2.16813075636
1.264 2.10586007958
1.265 1.72426282603
1.266 2.31475497414
1.267 2.15865186261
1.268 1.08624104812
1.269 1.36011826512
1.27 1.23562917066
1.271 0.823025090805
1.272 0.356486626222
1.273 -0.193342149746
1.274 -0.281184722071
1.275 -0.20467336852
1.276 -0.350361552595
1.277 -0.364204532168
1.278 -0.349496704826
1.279 -0.0442399118208
1.28 1.07410959817
1.281 1.06683271053
1.282 1.50256433286
1.283 1.08513874375
1.284 1.13813332515
1.285 1.41692132312
1.286 1.4056154292
1.287 1.32248114867
1.288 0.592813411649
1.289 0.704697961814
1.29 -0.189385682355
1.291 0.363311026835
1.292 -0.467152343474
1.293 -0.636170145427
1.294 -0.814899469761
1.295 -0.836941242815
1.296 -0.897236151301
1.297 -0.908525662247
1.298 -0.70727183638
1.299 -0.634540775723
1.3 0.243983763824
1.301 0.261148110731
1.302 0.714277887663
1.303 1.17975023987
1.304 1.15830490982
1.305 0.629110888225
1.306 0.345112149799
1.307 0.132981032446
1.308 0.790847353344
1.309 0.308182089968
1.31 -0.313821414323
1.311 -0.529572888374
1.312 -1.18780622963
1.313 -1.27077593461
1.314 -1.43256702211
1.315 -1.13831301969
1.316 -1.92067107189
1.317 -1.26817614977
1.318 -1.37718191619
1.319 -0.716369788842
1.32 -0.207438734311
1.321 -0.532465029181
1.322 -0.114633471233
1.323 0.0756241283419
1.324 0.628312872648
1.325 -0.158134025977
1.326 0.0263468812638
1.327 -0.308562119372
1.328 -0.0503500442299
1.329 -0.949897741451
1.33 -0.392803020425
1.331 -0.957287764041
1.332 -1.65569675355
1.333 -1.33901078779
1.334 -1.39990955943
1.335 -1.6209874548
1.336 -2.18380034896
1.337 -1.24681122989
1.338 -1.22306188383
1.339 -1.63052751773
1.34 -1.03627707881
1.341 -0.584249507104
1.342 -0.745061975772
1.343 0.239511910611
1.344 0.0741115928134
1.345 0.272976827656
1.346 0.29235608762
1.347 -0.162175967962
1.348 -0.49166983652
1.349 -0.60333187938
1.35 -1.47487570657
1.351 -1.04968523527
1.352 -1.37712608828
1.353 -2.22693732025
1.354 -1.74728044047
1.355 -2.43158878839
1.356 -1.88162913919
1.357 -1.86633987077
1.358 -1.58424467887
1.359 -1.46083430387
1.36 -0.810695895954
1.361 -0.194224922815
1.362 -0.0801062068192
1.363 0.179425797445
1.364 -0.286290803125
1.365 0.51474614513
1.366 0.242257205925
1.367 0.0219089255809
1.368 -0.114213545917
1.369 -0.610306614468
1.37 -0.914348828946
1.371 -0.664059706589
1.372 -1.53102158031
1.373 -1.99622502389
1.374 -1.49805334868
1.375 -2.1744168333
1.376 -1.15495436745
1.377 -1.6604826535
1.378 -0.912298093087
1.379 -0.726414975883
1.38 -0.336913496789
1.381 -0.287398799105
1.382 -0.224235639214
1.383 0.48725091608
1.384 0.389136582022
1.385 0.714193219427
1.386 0.364774199614
1.387 -0.0785589931546
1.388 0.702358327983
1.389 0.312151776875
1.39 -0.404918249181
1.391 -0.970605775103
1.392 -1.15866958327
1.393 -0.572095420102
1.394 -1.0538876537
1.395 -0.756326548543
1.396 -1.25434393907
1.397 -0.593623792633
1.398 -0.991097826164
1.399 -0.375700941733
1.4 -0.369761172328
1.401 -0.0691636830987
1.402 0.522296633007
1.403 0.699207821949
1.404 0.925129965847
1.405 0.832922554239
1.406 1.51443042876
1.407 0.921653345662
1.408 0.896519205492
1.409 0.733683655218
1.41 0.290848296594
1.411 0.1952028358
1.412 -0.577804384174
1.413 -0.677278516887
1.414 -0.818926338661
1.415 -0.0652553439625
1.416 -0.0304170489727
1.417 -0.607079628206
1.418 -0.117866771111
1.419 0.620813732812
1.42 0.579629061981
1.421 0.49334467459
1.422 1.2886362154
1.423 1.69786398546
1.424 2.09683904398
1.425 1.34673058784
1.426 1.22583439617
1.427 1.35477900768
1.428 1.08059625959
1.429 1.46864388775
1.43 0.900253474537
1.431 0.687490228533
1.432 0.337425235749
1.433 0.49659981879
1.434 0.16892254443
1.435 0.352447828001
1.436 0.251439385607
1.437 0.382631856469
1.438 0.199221498353
1.439 1.07627393567
1.44 0.888942679231
1.441 1.70323879767
1.442 1.98136193618
1.443 1.40823339422
1.444 1.9105572164
1.445 1.7108449773
1.446 1.95033915437
1.447 1.49205055751
1.448 2.04822093945
1.449 1.51529357672
1.45 1.01357821664
1.451 0.992017306766
1.452 0.297303349079
1.453 0.346520167691
1.454 0.512222561303
1.455 -0.455158219435
1.456 -0.194333345706
1.457 0.0186623366237
1.458 0.613995469384
1.459 1.05894273883
1.46 0.991100975919
1.461 1.55925509947
1.462 1.31382372081
1.463 2.01704735927
1.464 1.46159852272
1.465 1.40656271326
1.466 2.19416162377
1.467 1.46884676938
1.468 1.90728171679
1.469 1.18625550865
1.47 0.989749617253
1.471 0.676465763981
1.472 -0.0763387424737
1.473 -0.0424454999235
1.474 0.193407970463
1.475 -0.0070677621598
1.476 -0.48843374331
1.477 -0.00743338731543
1.478 0.0914269734842
1.479 0.268269057149
1.48 0.458359102782
1.481 0.913974670138
1.482 0.708325860753
1.483 1.61858495244
1.484 1.2710384901
1.485 1.52240432623
1.486 1.73978443295
1.487 0.884226910709
1.488 1.10951506389
1.489 0.655667784325
1.49 -0.190244725606
1.491 -0.0304124926006
1.492 -0.0726168784106
1.493 -0.977841608417
1.494 -0.694716709836
1.495 -1.34070203837
1.496 -1.15921350238
1.497 -0.752395616737
1.498 -0.0927539598434
1.499 -0.395463847255
1.5 -0.446226767478
1.501 0.350908613205
1.502 0.167210040474
1.503 0.234939669756
1.504 0.801510622584
1.505 0.734770820018
1.506 1.11557088896
1.507 0.193432965403
1.508 0.712812669406
1.509 -0.0799699859503
1.51 -0.473825903173
1.511 -0.859430139678
1.512 -0.508485283795
1.513 -0.869053261249
1.514 -0.912765154147
1.515 -1.08574450057
1.516 -1.19475833131
1.517 -0.842633616993
1.518 -0.747359557575
1.519 -1.23391062982
1.52 -0.410305797514
1.521 -0.492419795266
1.522 0.0764862731437
1.523 0.324576250481
1.524 0.288652260099
1.525 0.707723787717
1.526 0.584460863978
1.527 0.127740569696
1.528 -0.0151631513538
1.529 -0.693473218428
1.53 -0.825509820967
1.531 -0.850068057904
1.532 -1.8848549167
1.533 -1.2056596712
1.534 -2.16386298594
1.535 -2.05914085145
1.536 -1.42088664221
1.537 -1.85618512202
1.538 -1.53251728853
1.539 -1.21773345782
1.54 -0.776165713344
1.541 -0.544300270654
1.542 -0.39604004247
1.543 -0.0251250070041
1.544 0.444974215925
1.545 0.230481280148
1.546 0.069703030005
1.547 -0.122150514207
1.548 -0.410113315566
1.549 -0.953070792006
1.55 -0.680759264448
1.551 -1.60266467961
1.552 -1.24646596474
1.553 -1.55855297642
1.554 -1.71278299722
1.555 -2.00797722814
1.556 -2.2927096964
1.557 -1.93904803705
1.558 -1.33313513292
1.559 -1.53159234008
1.56 -0.709985822267
1.561 -1.044613594
1.562 0.122359970947
1.563 -0.513813592406
1.564 0.168585384648
1.565 -0.264121540237
1.566 0.34893409753
1.567 0.368531934879
1.568 -0.6639207536
1.569 -0.422310055539
1.57 -1.03426489295
1.571 -0.84274883733
1.572 -1.0885830587
1.573 -1.39615324013
1.574 -1.71850271147
1.575 -1.41726610226
1.576 -1.16496252571
1.577 -1.93873544043
1.578 -1.21521198948
1.579 -0.549317854899
1.58 -0.912683928006
1.581 0.0947211859909
1.582 -0.430711761251
1.583 -0.180282402892
1.584 0.112859319686
1.585 0.0468790714825
1.586 0.34763165958
1.587 0.492123557544
1.588 0.615378341471
1.589 -0.093195280844
1.59 -0.487947615779
1.591 -0.496163710934
1.592 -1.19949165906
1.593 -0.804874189128
1.594 -1.04646188271
1.595 -1.4646183437
1.596 -1.34715849653
1.597 -1.25674359094
1.598 -0.669261742859
1.599 -0.819598235839
1.6 -0.246264146746
1.601 0.475809781179
1.602 0.234105917686
1.603 1.08465880688
1.604 0.812540700071
1.605 1.14809729562
1.606 0.932572778847
1.607 1.3677776725
1.608 0.992787195166
1.609 0.740338964794
1.61 0.406057866639
1.611 0.162778135534
1.612 -0.491913792203
1.613 -0.794002999939
1.614 -0.30605625828
1.615 -0.262611768654
1.616 -0.217031602118
1.617 -0.786368704829
1.618 -0.416853430242
1.619 0.416702977675
1.62 0.992579050642
1.621 0.45877117687
1.622 1.44579223868
1.623 0.997889423688
1.624 2.0770929755
1.625 1.72630719325
1.626 2.17899861389
1.627 1.15909977577
1.628 1.66331075242
1.629 0.858300967166
1.63 0.544191544418
1.631 0.216929579776
1.632 -0.086548123898
1.633 0.148834647646
1.634 0.244192703119
1.635 -0.539304736282
1.636 -0.176400333243
1.637 0.326476938529
1.638 0.165776790475
1.639 0.258854147217
1.64 1.10484365081
1.641 1.47755115878
1.642 1.98340857569
1.643 1.73112003464
1.644 1.73769731174
1.645 1.52559248245
1.646 2.11146067861
1.647 2.24590881466
1.648 1.90721435568
1.649 1.48298106502
1.65 1.47214360969
1.651 0.760717542797
1.652 0.0290351482657
1.653 0.105572345039
1.654 0.457499745201
1.655 -0.334715434406
1.656 -0.328928912216
1.657 0.299262568978
1.658 0.736465608225
1.659 0.525470031353
1.66 0.914511778185
1.661 1.01084439534
1.662 1.02945800991
1.663 1.3087399661
1.664 1.63324097229
1.665 2.12557048723
1.666 1.72737903232
1.667 2.11763879566
1.668 1.21499158816
1.669 0.983909518644
1.67 0.693062478498
1.671 0.306297140565
1.672 0.0912318005499
1.673 -0.225848507041
1.674 -0.547333087554
1.675 -0.268099062811
1.676 -0.426830798229
1.677 -0.155712536008
1.678 -0.307509399946
1.679 0.548898378512
1.68 0.215284397202
1.681 0.952246453883
1.682 1.20328846544
1.683 1.05018770524
1.684 0.950382318852
1.685 1.16878653349
1.686 1.39753883764
1.687 1.66258254821
1.688 1.22784017039
1.689 0.729047478849
1.69 0.253352772239
1.691 -0.00906272299507
1.692 -0.109049034721
1.693 -0.487240006582
1.694 -0.383978364027
1.695 -1.0244208847
1.696 -0.782321551049
1.697 -1.04830027871
1.698 -0.768074875005
1.699 0.091936533197
1.7 -0.0783038283618
1.701 0.0831886039192
1.702 0.330838935937
1.703 0.335045916907
1.704 1.2454710586
1.705 1.20957128086
1.706 0.290920653204
1.707 0.189450507281
1.708 0.0209519358945
1.709 0.513868069439
1.71 -0.409443726692
1.711 -0.756770966306
1.712 -1.2864842686
1.713 -1.68161453314
1.714 -1.74548269391
1.715 -1.27233456662
1.716 -1.23493976929
1.717 -1.29277431514
1.718 -0.724291571418
1.719 -0.571365982045
1.72 -0.508864834552
1.721 0.149134449573
1.722 -0.192939036455
1.723 0.147706272981
1.724 0.434553733807
1.725 0.655573098079
1.726 0.137234601349
1.727 -0.0744094469567
1.728 0.276080730657
1.729 -0.290193765684
1.73 -0.807552858727
1.731 -1.06064331297
1.732 -1.22889341246
1.733 -1.52566838899
1.734 -1.84708853582
1.735 -1.68698611199
1.736 -1.68969266743
1.737 -1.94415089335
1.738 -1.83429297577
1.739 -1.15682750238
1.74 -0.485344052573
1.741 -0.165239930116
1.742 0.011108732723
1.743 0.239254780715
1.744 0.301264507721
1.745 -0.360271002022
1.746 -0.54062736697
1.747 0.255767577996
1.748 -0.798995571794
1.749 -0.589516320915
1.75 -0.933789228098
1.751 -1.46287599182
1.752 -1.38785618804
1.753 -1.8692805233
1.754 -1.74748063915
1.755 -1.66744401835
1.756 -1.76612370483
1.757 -2.2537672956
1.758 -1.52961199863
1.759 -0.776258227354
1.76 -1.08891778585
1.761 -0.90320183007
1.762 -0.135522392277
1.763 0.377097688884
1.764 -0.189356068424
1.765 -0.095360601438
1.766 0.220949882853
1.767 -0.513759376286
1.768 -0.0170439535743
1.769 -0.224748141259
1.77 -0.754204846405
1.771 -1.02531339865
1.772 -0.957911458134
1.773 -1.24464260992
1.774 -1.51614768484
1.775 -1.49812489503
1.776 -1.36955379979
1.777 -1.81947371208
1.778 -1.18861676587
1.779 -0.47067438492
1.78 -0.888522261212
1.781 -0.160516937507
1.782 0.205361849265
1.783 -0.137582042951
1.784 0.198412957739
1.785 0.541503478766
1.786 0.958911095778
1.787 0.407069999505
1.788 0.303925180455
1.789 0.307361700105
1.79 0.118184665982
1.791 -0.183833304851
1.792 -0.425796962852
1.793 -0.611978601415
1.794 -0.784114570016
1.795 -0.999859171868
1.796 -0.728152304277
1.797 -0.840886147265
1.798 -0.214059160635
1.799 -0.289810711097
1.8 -0.452290895825
1.801 0.584199095355
1.802 0.994444016589
1.803 0.435492421767
1.804 0.715039277576
1.805 1.46073671532
1.806 1.0810062364
1.807 1.35570370202
1.808 1.03924457978
1.809 0.654519137519
1.81 0.763968553154
1.811 -0.343633550811
1.812 -0.389666814762
1.813 -0.262788090394
1.814 -0.0300835163451
1.815 -0.786739092913
1.816 -0.896725252089
1.817 -0.425396281586
1.818 0.28411961821
1.819 0.117840133783
1.82 1.00182642949
1.821 0.600956514102
1.822 1.15444719314
1.823 1.58736107574
1.824 1.78724518716
1.825 1.67912002474
1.826 1.9625607731
1.827 1.15329491693
1.828 1.33589751971
1.829 0.822206243724
1.83 0.379466615792
1.831 0.634343545472
1.832 0.358586613619
1.833 -0.0140131273886
1.834 0.345736049027
1.835 -0.419118298899
1.836 0.113803367316
1.837 0.0405503119723
1.838 0.617520056875
1.839 0.842821363413
1.84 0.549483977031
1.841 1.70547455085
1.842 1.23144585199
1.843 1.57126626206
1.844 2.02754544966
1.845 2.02407766744
1.846 2.43824945385
1.847 2.12827050475
1.848 1.99867034297
1.849 1.28048266183
1.85 1.43678987821
1.851 0.838044178266
1.852 0.400011247106
1.853 0.0916543290901
1.854 0.352483325114
1.855 -0.472857431334
1.856 -0.457450478765
1.857 0.561946351366
1.858 0.0170526555897
1.859 0.16816512791
1.86 1.0818804842
1.861 0.880696591178
1.862 1.27932242787
1.863 1.29991111527
1.864 2.08658360307
1.865 1.82742996956
1.866 1.77730787236
1.867 1.63371124977
1.868 1.75971399619
1.869 0.731499554077
1.87 1.12165089562
1.871 0.21248918161
1.872 -0.117327395604
1.873 -0.350449706122
1.874 -0.280277063936
1.875 -0.547043923469
1.876 -0.515292459511
1.877 -0.117005647443
1.878 -0.390619664628
1.879 0.31515811131
1.88 0.220353437928
1.881 1.35156466026
1.882 0.712103564706
1.883 1.25839150246
1.884 1.0498114199
1.885 1.8657622624
1.886 1.05971031416
1.887 1.22070186539
1.888 0.710821793906
1.889 1.10421373153
1.89 0.736194510941
1.891 0.112321785499
1.892 -0.447462975683
1.893 -0.690080626358
1.894 -0.309014820227
1.895 -0.691645063606
1.896 -0.79565652394
1.897 -0.68736667921
1.898 -0.135491781538
1.899 -0.511597971513
1.9 -0.399630492793
1.901 0.480747273554
1.902 0.893567128508
1.903 1.15034098573
1.904 0.611372141311
1.905 0.955840755973
1.906 0.807438906361
1.907 1.06356353618
1.908 0.270918820779
1.909 0.382876513863
1.91 -0.742821430828
1.911 -0.592225305911
1.912 -1.15541214581
1.913 -1.39823840266
1.914 -1.51911856917
1.915 -1.79925909086
1.916 -1.81995681607
1.917 -1.20584528572
1.918 -1.14896466634
1.919 -1.07139245134
1.92 -1.0585520303
1.921 -0.0816915477239
1.922 0.0153630508455
1.923 -0.126172557259
1.924 0.745467520847
1.925 0.59042709711
1.926 0.346759806383
1.927 -0.224251299975
1.928 0.112459218919
1.929 -0.64685921178
1.93 -0.365732817558
1.931 -1.03549912489
1.932 -1.17610461189
1.933 -1.71699964901
1.934 -1.94632681851
1.935 -2.15174196184
1.936 -1.38555863784
1.937 -1.42436300812
1.938 -1.12130745892
1.939 -1.09446855908
1.94 -0.816668205579
1.941 -0.187922354132
1.942 -0.205671710088
1.943 -0.0701324257759
1.944 0.256032480985
1.945 -0.284551812644
1.946 0.220994767236
1.947 -0.00718255087544
1.948 -0.369536360484
1.949 -1.03465740378
1.95 -1.20849122276
1.951 -0.932344459731
1.952 -1.51339706827
1.953 -2.28190209041
1.954 -1.90931341842
1.955 -2.00952983613
1.956 -1.67244864881
1.957 -2.11755361291
1.958 -1.70320815299
1.959 -1.22818376284
1.96 -1.28936898162
1.961 -0.465424746202
1.962 -0.472323401866
1.963 -0.43603499885
1.964 0.0280058754
1.965 0.00814121404098
1.966 -0.363861148985
1.967 -0.196214710907
1.968 -0.611558445617
1.969 -0.198783303694
1.97 -0.543480942259
1.971 -0.61588765297
1.972 -1.67412781866
1.973 -1.95945579879
1.974 -2.03711032023
1.975 -1.8708899094
1.976 -1.40773726095
1.977 -1.21087586323
1.978 -1.50157684157
1.979 -1.11988278332
1.98 -0.264890780638
1.981 -0.693497280242
1.982 -0.39366425705
1.983 0.287073255586
1.984 0.955947495822
1.985 0.872927220726
1.986 0.461718047444
1.987 0.822133036248
1.988 -0.00927279345974
1.989 -0.196699169593
1.99 -0.111598443383
1.991 -0.656519989801
1.992 -0.585908392528
1.993 -1.31237249129
1.994 -0.747872801082
1.995 -0.953851035004
1.996 -1.39010952936
1.997 -1.02354944155
1.998 -1.02724599237
1.999 -0.443720480692
2.0 -0.148662760307
2.001 0.162400298752
2.002 0.262656639266
2.003 0.608140640698
2.004 0.875500711474
2.005 1.11932018378
2.006 0.938818108801
2.007 1.17144909807
2.008 1.31188987249
2.009 0.303347894163
2.01 0.47731087191
2.011 0.5070935216
2.012 0.119319729538
2.013 -0.0510490783886
2.014 -0.419193023259
2.015 -0.129140025368
2.016 -0.746555958067
2.017 -0.0524779154616
2.018 -0.0225368680057
2.019 0.292225003596
2.02 0.319778989834
2.021 0.656346819188
2.022 1.42186110907
2.023 1.67155953139
2.024 1.57838028266
2.025 2.02258987603
2.026 1.63816012279
2.027 1.60381807363
2.028 1.06064029841
2.029 1.59017891765
2.03 0.742062568914
2.031 0.942910031258
2.032 0.684566934137
2.033 -0.241259546784
2.034 0.028525009649
2.035 -0.29468171211
2.036 -0.406733955016
2.037 -0.132759278348
2.038 0.486912445043
2.039 0.686947494079
2.04 0.980190155824
2.041 1.4365688921
2.042 1.84745316902
2.043 1.42274645419
2.044 1.68104415823
2.045 1.75974404389
2.046 2.23350207551
2.047 2.04832102554
2.048 1.75880701524
2.049 1.52425436563
2.05 1.37758578547
2.051 0.720410103891
2.052 0.572267943255
2.053 -0.309847987728
2.054 -0.00096498194826
2.055 0.145458842339
2.056 0.519187091313
2.057 0.381522622545
2.058 0.351343249444
2.059 0.562263170206
2.06 0.478246809107
2.061 0.920511913886
2.062 1.81135260044
2.063 1.85260628328
2.064 2.07998621339
2.065 2.07806494806
2.066 2.23280642888
2.067 2.08548479133
2.068 1.81401573738
2.069 0.666494053047
2.07 0.923563981066
2.071 0.207351796211
2.072 0.106695186935
2.073 -0.0396295519398
2.074 -0.0820960922292
2.075 -0.131202950343
2.076 0.197242987879
2.077 0.0202902545846
2.078 -0.313123724386
2.079 0.373079833524
2.08 0.899308856167
2.081 0.907759002291
2.082 1.12942406223
2.083 0.856099910761
2.084 1.05852938885
2.085 1.9299964521
2.086 1.45773508452
2.087 1.56074800637
2.088 0.62502039925
2.089 0.611360060198
2.09 0.332381092711
2.091 0.298645485993
2.092 -0.423264115186
2.093 -0.182045416273
2.094 -0.281714483977
2.095 -0.440988178588
2.096 -0.949472798764
2.097 -0.338979339855
2.098 -0.0969359043554
2.099 -0.22297546038
2.1 0.424277009967
2.101 0.644005123614
2.102 0.651634541359
2.103 0.325548944163
2.104 0.790531735795
2.105 0.608501727476
2.106 1.05613549655
2.107 0.507762592864
2.108 0.225947452246
2.109 0.0418486056262
2.11 -0.257792268746
2.111 -1.14063312229
2.112 -0.545735310696
2.113 -0.78255146188
2.114 -1.70889415219
2.115 -1.10654131918
2.116 -1.56637507146
2.117 -1.56855237857
2.118 -0.856043799781
2.119 -1.10501215263
2.12 -0.748736803129
2.121 0.125873798929
2.122 0.0091040971738
2.123 -0.212870088605
2.124 -0.11066994527
2.125 0.169588322914
2.126 0.491375795747
2.127 -0.352821743254
2.128 -0.451080664358
2.129 -0.94084251082
2.13 -0.521915627045
2.131 -0.758730946299
2.132 -1.90537383145
2.133 -1.80754244472
2.134 -1.50269355546
2.135 -2.10364628994
2.136 -2.25502823848
2.137 -2.1717463111
2.138 -1.28922253357
2.139 -1.03355970319
2.14 -1.3557949666
2.141 -0.306402660248
2.142 -0.719790226876
2.143 -0.172016348657
2.144 -0.102680055993
2.145 -0.238838661878
2.146 -0.4712610193
2.147 -0.512041035799
2.148 -0.7517498882
2.149 -0.655456394638
2.15 -0.788772203567
2.151 -1.73150518194
2.152 -2.04476943683
2.153 -1.38758711422
2.154 -1.75500802185
2.155 -1.74462528792
2.156 -2.07202216431
2.157 -1.53755400841
2.158 -1.08173551437
2.159 -1.61244562349
2.16 -0.765100967647
2.161 -0.975743829169
2.162 -0.635019350506
2.163 -0.224838797574
2.164 -0.237607210833
2.165 -0.241057160535
2.166 0.404734552208
2.167 0.0940987091743
2.168 0.134686221164
2.169 -0.980087994918
2.17 -0.355038454245
2.171 -1.42721314445
2.172 -0.933300883032
2.173 -1.78138864697
2.174 -1.26216774656
2.175 -1.99102608785
2.176 -1.20185561375
2.177 -1.67554528972
2.178 -1.50533111871
2.179 -0.429695712833
2.18 -0.851674101879
2.181 -0.375915467049
2.182 -0.312241105417
2.183 0.714624881907
2.184 0.272951635451
2.185 0.717296839998
2.186 0.508893403847
2.187 0.477734216933
2.188 0.164781237785
2.189 -0.3670016602
2.19 -0.582437418285
2.191 -0.13569787598
2.192 -1.12250398052
2.193 -1.49638086122
2.194 -1.41326745629
2.195 -1.00959356102
2.196 -1.33048572899
2.197 -1.40010753471
2.198 -1.06797608831
2.199 0.015010787313
2.2 -0.312218697802
2.201 0.740215151356
2.202 0.374305830895
2.203 1.20022155921
2.204 1.01388667778
2.205 1.15810342877
2.206 0.690519284167
2.207 0.956531602089
2.208 1.13131987337
2.209 1.03367080947
2.21 -0.154876794334
2.211 -0.0625070236843
2.212 0.186225781762
2.213 -0.895603747465
2.214 -0.0935437940111
2.215 -0.71848976076
2.216 -0.233319887264
2.217 -0.48386234499
2.218 -0.187504054896
2.219 -0.149717608159
2.22 0.613872357207
2.221 1.27250360488
2.222 1.004925156
2.223 1.4776810647
2.224 1.17378795434
2.225 2.15734392967
2.226 1.5713930324
2.227 1.11692451909
2.228 0.90178581035
2.229 0.925870440306
2.23 1.13945255056
2.231 0.34451940384
2.232 0.52709019578
2.233 0.398922046097
2.234 0.0324622934992
2.235 -0.534381768942
2.236 0.216118223963
2.237 -0.34779994805
2.238 -0.157881620447
2.239 0.924336780749
2.24 0.720160011429
2.241 1.30431095311
2.242 1.29480301852
2.243 2.09580017481
2.244 1.94904850191
2.245 1.82243320337
2.246 2.27753718344
2.247 1.56693317929
2.248 1.58405538522
2.249 0.994932565791
2.25 0.636319297347
2.251 0.605232693316
2.252 0.342331947276
2.253 0.262029839765
2.254 0.293773416278
2.255 -0.505579250962
2.256 0.370174158205
2.257 0.464998219241
2.258 0.10310101
2.259 0.261598492585
2.26 0.77786670177
2.261 1.58444860795
2.262 1.99491039034
2.263 1.39703832749
2.264 2.20034212309
2.265 2.01299875036
2.266 2.22425910595
2.267 1.83089989818
2.268 1.45907118008
2.269 0.999279437406
2.27 0.388512893149
2.271 0.351824002849
2.272 0.0417054190859
2.273 0.421799784906
2.274 -0.321238570999
2.275 -0.121457396328
2.276 0.104049379579
2.277 -0.358066804271
2.278 0.0606956546728
2.279 -0.0812858966482
2.28 0.773575052725
2.281 0.833914014265
2.282 1.11845116722
2.283 1.59541273492
2.284 1.02505211869
2.285 1.09562391346
2.286 1.62939877539
2.287 1.14555360911
2.288 0.914539441291
2.289 1.12010421389
2.29 0.284401223108
2.291 0.256429784255
2.292 -0.0983267233139
2.293 -0.749753183139
2.294 -0.727424623612
2.295 -1.2842659968
2.296 -0.871933250712
2.297 -0.27460070829
2.298 -0.821880256985
2.299 -0.214253439714
2.3 -0.441242872645
2.301 0.320921783759
2.302 0.86263211717
2.303 0.392603694044
2.304 0.7278288221
2.305 0.526100706446
2.306 0.888599372586
2.307 0.649577831011
2.308 0.451732905058
2.309 -0.084301408231
2.31 -0.631599884915
2.311 -1.05927350549
2.312 -1.15486357492
2.313 -1.20210635398
2.314 -1.53996392693
2.315 -1.56466934859
2.316 -1.92728344601
2.317 -1.59964971809
2.318 -0.993500060441
2.319 -0.630591323635
2.32 -0.442658393241
2.321 -0.748117067676
2.322 -0.250006470836
2.323 -0.159695354034
2.324 -0.198156429058
2.325 -0.101175762724
2.326 0.639047451655
2.327 -0.150387580723
2.328 -0.25688516826
2.329 -0.750910916687
2.33 -0.594988105442
2.331 -1.41102376947
2.332 -1.27960300772
2.333 -2.07896740369
2.334 -1.99164586139
2.335 -2.29560617964
2.336 -2.28800339871
2.337 -1.7782750275
2.338 -1.95494009347
2.339 -1.10613703198
2.34 -0.738613104853
2.341 -0.768478829993
2.342 -0.629161115032
2.343 -0.303603329906
2.344 -0.473110488749
2.345 -0.264527563425
2.346 0.391764130904
2.347 -0.530988904035
2.348 -0.37048590857
2.349 -0.624993348655
2.35 -0.690877404064
2.351 -1.77266183835
2.352 -1.28345363026
2.353 -1.40820528494
2.354 -2.19495399405
2.355 -1.61811263327
2.356 -2.40137965354
2.357 -1.7932329219
2.358 -1.57106585024
2.359 -1.42433795432
2.36 -0.978543745217
2.361 -0.678623163371
2.362 -0.127104047492
2.363 -0.472747166075
2.364 -0.196480196016
2.365 0.515805626366
2.366 -0.257591998145
2.367 0.0897845270074
2.368 -0.228525224573
2.369 -0.430070988649
2.37 -1.11718056115
2.371 -0.896955363591
2.372 -0.858867049242
2.373 -1.60506602423
2.374 -1.22892765225
2.375 -1.66892447099
2.376 -1.45576641144
2.377 -1.01171549801
2.378 -1.29640575911
2.379 -0.630926581116
2.38 -0.686892069264
2.381 0.097455277283
2.382 -0.196173443631
2.383 0.615415359044
2.384 0.174773984939
2.385 0.423983249559
2.386 0.639443572656
2.387 0.653024925605
2.388 0.160543652535
2.389 0.372663318318
2.39 -0.486547138902
2.391 -1.01036964853
2.392 -0.796061895071
2.393 -1.50932882862
2.394 -1.47709866683
2.395 -1.6428496005
2.396 -1.12369788773
2.397 -0.935616807605
2.398 -0.830620672964
2.399 -0.401593293483
2.4 0.418214178522
2.401 0.569231901209
2.402 1.05001985816
2.403 1.28267872459
2.404 0.94937140994
2.405 1.3814673574
2.406 1.34341142736
2.407 1.51548010595
2.408 0.542324548037
2.409 0.820659154412
2.41 0.389784172237
2.411 0.0124211105248
2.412 -0.0286210960516
2.413 -0.236725869574
2.414 -0.682797022309
2.415 -0.351641773079
2.416 -0.297990792226
2.417 -0.304679478179
2.418 0.0487845068045
2.419 0.302809027337
2.42 0.622235533634
2.421 0.972652242046
2.422 0.734917613509
2.423 1.31488307975
2.424 1.47149754754
2.425 1.51420796945
2.426 1.88969282694
2.427 1.93147959445
2.428 1.71443539422
2.429 1.42946681153
2.43 0.69854494992
2.431 0.0768206366256
2.432 0.584775614752
2.433 -0.28705389074
2.434 0.387893689511
2.435 -0.18227617346
2.436 0.429209870219
2.437 0.0494780546426
2.438 0.753798177563
2.439 0.365636761466
2.44 1.13856531776
2.441 0.778358006212
2.442 1.21669973098
2.443 1.32042799289
2.444 1.60483497621
2.445 2.01604560027
2.446 1.90646747312
2.447 1.38020107992
2.448 1.99360950889
2.449 1.6186704535
2.45 1.14956707767
2.451 1.06492848903
2.452 -0.0544880684169
2.453 -0.142963571501
2.454 0.0831820177785
2.455 -0.486946384323
2.456 0.0816114513839
2.457 0.350979576016
2.458 0.448716372342
2.459 0.320364868154
2.46 0.672245981678
2.461 1.56080475765
2.462 1.23539700903
2.463 1.72218071024
2.464 2.01549667349
2.465 2.21019526921
2.466 2.28348402408
2.467 1.57889409703
2.468 1.87941258265
2.469 1.15724163933
2.47 1.18453105576
2.471 0.935490851205
2.472 0.647201485715
2.473 -0.00962195140422
2.474 -0.472992225266
2.475 -0.433131640065
2.476 -0.0489080566516
2.477 -0.624073670433
2.478 0.228465492686
2.479 0.213895487361
2.48 0.5355505828
2.481 0.483248301086
2.482 1.52282997998
2.483 0.957118755458
2.484 1.74870123489
2.485 0.992141261374
2.486 1.20454624782
2.487 0.750782491077
2.488 0.972790904232
2.489 0.938853713336
2.49 -0.0213591099849
2.491 -0.316163849743
2.492 -0.502558166722
2.493 -0.113127486554
2.494 -0.754718909439
2.495 -1.1603768378
2.496 -0.443500384153
2.497 -1.0799043205
2.498 -0.562577248173
2.499 0.194262458147
2.5 0.318323449716
2.501 -0.00560444601114
2.502 0.682342695707
2.503 0.39475885744
2.504 0.850292584131
2.505 0.972322971077
2.506 1.04829478522
2.507 0.335173007886
2.508 0.390287173611
2.509 -0.252011833086
2.51 -0.357651205321
2.511 -1.09058350456
2.512 -0.993049138554
2.513 -0.97224701204
2.514 -0.940357048299
2.515 -1.19923879414
2.516 -1.90331332468
2.517 -0.951309346506
2.518 -1.28447772565
2.519 -1.37022407184
2.52 -0.732635391219
2.521 -0.410654805356
2.522 -0.126091345431
2.523 -0.325341587821
2.524 0.490533141143
2.525 0.000308202609426
2.526 -0.155925439249
2.527 0.516198315267
2.528 -0.468336659229
2.529 -0.650066323624
2.53 -0.43588924389
2.531 -1.18283881243
2.532 -1.49159894281
2.533 -1.24804400586
2.534 -1.88175693682
2.535 -2.13254584154
2.536 -1.70474072335
2.537 -1.90702409001
2.538 -1.59698555375
2.539 -1.27972535783
2.54 -0.86051044913
2.541 -0.151940421981
2.542 -0.564820649116
2.543 0.234135538968
2.544 -0.152831985879
2.545 -0.406568381023
2.546 -0.407926280333
2.547 -0.598883021934
2.548 -0.320618243369
2.549 -0.727504957762
2.55 -0.585772868318
2.551 -1.40667708664
2.552 -1.90478521221
2.553 -1.94063967257
2.554 -1.78792564647
2.555 -1.53705631785
2.556 -1.61647058895
2.557 -1.70753866659
2.558 -1.07379760588
2.559 -1.50375014593
2.56 -1.2052375995
2.561 -1.11085397258
2.562 -0.343553199623
2.563 0.0210144148933
2.564 0.074253346082
2.565 -0.201652784326
2.566 -0.0358565494426
2.567 -0.182324145505
2.568 -0.108055335713
2.569 -0.291653624558
2.57 -0.979410499808
2.571 -0.766772511319
2.572 -1.24417000118
2.573 -1.44923969823
2.574 -2.11911104509
2.575 -1.89988431413
2.576 -1.22070535053
2.577 -1.67372961
2.578 -1.29036646729
2.579 -0.730264960153
2.58 -0.883564863991
2.581 -0.124272317665
2.582 0.360000124816
2.583 0.434313146465
2.584 0.225405419566
2.585 0.892586783195
2.586 0.0949526112756
2.587 0.548096715309
2.588 0.442864162723
2.589 0.0437008375614
2.59 -0.709343095082
2.591 -0.122496740071
2.592 -1.14619861813
2.593 -0.969454946667
2.594 -0.937252788203
2.595 -1.19668806347
2.596 -0.907025718042
2.597 -0.478384706065
2.598 -0.932579610459
2.599 -0.119603697805
2.6 0.389159675277
2.601 0.232554687351
2.602 0.68624188464
2.603 0.411256641103
2.604 1.2003979578
2.605 1.17008510995
2.606 0.759220993742
2.607 0.587913835029
2.608 1.24493373481
2.609 0.18892355334
2.61 0.0866179621818
2.611 0.16678789254
2.612 -0.598321465482
2.613 -0.49521828976
2.614 -0.173124854547
2.615 -0.0662980549712
2.616 -0.434479245296
2.617 -0.429694449221
2.618 0.0758049073451
2.619 0.39942262223
2.62 0.289955011112
2.621 0.842061664169
2.622 1.02302950491
2.623 1.17115398545
2.624 1.26564740865
2.625 1.9650064673
2.626 1.6584543491
2.627 1.91540917622
2.628 1.63412144561
2.629 1.34905174206
2.63 1.14914178341
2.631 0.622230916888
2.632 -0.0873092294714
2.633 0.026301436819
2.634 0.32613317632
2.635 0.00157824059667
2.636 0.0711629362148
2.637 0.00919746528953
2.638 0.320706422981
2.639 0.229645566047
2.64 1.12499761339
2.641 1.64454977187
2.642 1.88223985738
2.643 1.53619430026
2.644 2.12242702796
2.645 1.80022345254
2.646 1.8899352508
2.647 1.85606216108
2.648 2.03067754672
2.649 1.53882066521
2.65 0.540898756327
2.651 0.700498278904
2.652 0.105867536809
2.653 0.322681657159
2.654 0.353249511026
2.655 -0.40157307518
2.656 0.252522819325
2.657 0.32249297796
2.658 0.498694110756
2.659 0.348951911411
2.66 1.14435457996
2.661 1.4011756025
2.662 1.08261639174
2.663 1.72623934885
2.664 2.09363695439
2.665 1.83478413941
2.666 1.75662325386
2.667 2.03315929309
2.668 1.81519359454
2.669 0.759215707488
2.67 0.596287204129
2.671 0.0550979568515
2.672 0.496675976812
2.673 -0.438432246758
2.674 -0.487982823925
2.675 0.00835048217411
2.676 0.0572184870968
2.677 -0.264072411809
2.678 0.115923957535
2.679 -0.180380969858
2.68 0.913531216465
2.681 1.02221233954
2.682 1.03764823707
2.683 1.11173371079
2.684 1.7072220739
2.685 1.03757194112
2.686 1.62180470449
2.687 0.882028163876
2.688 0.732200591573
2.689 0.671520392452
2.69 -0.105221958677
2.691 -0.0968744664797
2.692 -0.658356167058
2.693 -0.0949260579527
2.694 -0.346097454753
2.695 -1.19485592437
2.696 -1.11651963518
2.697 -0.223529198251
2.698 -0.315331236748
2.699 -0.509747990078
2.7 0.158340416654
2.701 -0.129085025809
2.702 0.559117197653
2.703 1.00255831738
2.704 0.766395591078
2.705 0.705913476609
2.706 0.77837215427
2.707 0.568492338374
2.708 0.445077351042
2.709 -0.457847830506
2.71 -0.772295814869
2.711 -1.13833030936
2.712 -0.763940883776
2.713 -1.26917165052
2.714 -1.17979337067
2.715 -1.93782303964
2.716 -1.80669676893
2.717 -1.1351451066
2.718 -0.760893833001
2.719 -0.784391121728
2.72 -0.174352325274
2.721 -0.739547527404
2.722 -0.522418576756
2.723 0.0573451100993
2.724 0.175146797915
2.725 0.30634518311
2.726 -0.119042000466
2.727 -0.340589342383
2.728 0.182251305315
2.729 -0.588609912783
2.73 -0.351878882969
2.731 -1.21204520579
2.732 -1.69572040867
2.733 -1.80603547376
2.734 -1.74105251256
2.735 -2.09165119467
2.736 -1.73570307953
2.737 -1.72822296494
2.738 -1.26377803095
2.739 -1.19792834779
2.74 -0.618491842101
2.741 -0.40075393989
2.742 -0.261470959954
2.743 -0.384769043368
2.744 -0.487470160243
2.745 0.33300699496
2.746 0.144924750263
2.747 -0.502762897229
2.748 -0.428273326944
2.749 -0.324675958339
2.75 -0.66877706187
2.751 -1.21230034494
2.752 -1.43892784577
2.753 -1.93511236881
2.754 -2.14751335429
2.755 -1.93994808988
2.756 -2.32157890963
2.757 -1.89982843272
2.758 -1.6967483572
2.759 -1.14790654145
2.76 -0.459368688947
2.761 -0.239195643447
2.762 -0.634025212616
2.763 -0.549027455805
2.764 0.543466497148
2.765 0.356439823975
2.766 0.295512472827
2.767 0.181704759577
2.768 -0.350501026968
2.769 -0.222385426703
2.77 -0.895293259602
2.771 -0.807246457255
2.772 -1.18454121692
2.773 -1.12322622046
2.774 -1.84467040487
2.775 -1.93676186031
2.776 -1.87599748865
2.777 -1.6548229611
2.778 -1.44724446154
2.779 -1.3019983858
2.78 -0.797774171892
2.781 -0.088129049557
2.782 0.356960120774
2.783 0.071152800279
2.784 0.332530927946
2.785 0.552519013521
2.786 0.640858208579
2.787 0.234797858138
2.788 0.400814784671
2.789 0.183709967325
2.79 -0.285403988078
2.791 -0.101661632309
2.792 -1.32387815708
2.793 -1.42734898153
2.794 -0.676196755769
2.795 -0.870616250654
2.796 -0.586683592577
2.797 -0.485014200638
2.798 -0.458678204359
2.799 -0.612878712072
2.8 -0.00471166431988
2.801 0.170471379894
2.802 0.724023753006
2.803 0.724740282368
2.804 0.91933968364
2.805 1.36766581192
2.806 1.22353032407
2.807 1.25793807793
2.808 0.520061658807
2.809 0.768356673941
2.81 0.778092582042
2.811 0.371961375424
2.812 -0.271466202789
2.813 -0.322986652781
2.814 -0.544899148851
2.815 -0.426423534436
2.816 -0.0218266760735
2.817 -0.745462039283
2.818 0.324916013767
2.819 0.127940902782
2.82 0.35822552224
2.821 1.23558753734
2.822 0.728015074946
2.823 1.789129687
2.824 1.63652404856
2.825 2.11455280613
2.826 1.81948861611
2.827 1.88781166096
2.828 1.33970507554
2.829 1.02496259742
2.83 0.518512373313
2.831 0.548892912229
2.832 0.741367148891
2.833 -0.338756915727
2.834 0.00456921279095
2.835 0.0188662461252
2.836 -0.117618020861
2.837 0.251539985713
2.838 0.799344285383
2.839 0.534628368473
2.84 0.999531992927
2.841 1.16477480834
2.842 1.96100662431
2.843 1.90036017991
2.844 2.07095821192
2.845 2.36129641405
2.846 2.02647153166
2.847 1.91380183736
2.848 1.83642992113
2.849 0.977516521077
2.85 1.48873524634
2.851 1.18589853039
2.852 0.393418619187
2.853 0.31649589139
2.854 -0.319283043309
2.855 0.0918397682461
2.856 -0.29940276595
2.857 0.303380911005
2.858 0.412633077963
2.859 0.500958580858
2.86 0.543476816518
2.861 1.32086760212
2.862 1.53983742858
2.863 1.61134942024
2.864 1.87418055676
2.865 2.17251035233
2.866 2.09620995037
2.867 2.14839262918
2.868 0.975061077002
2.869 0.909077137063
2.87 0.463094907504
2.871 0.746082207451
2.872 -0.192581862621
2.873 0.208751341156
2.874 -0.604070780234
2.875 0.00259254094559
2.876 0.0466918044779
2.877 0.0909548349941
2.878 0.049829227713
2.879 0.318939732718
2.88 0.648913303229
2.881 0.773514132127
2.882 0.754003200115
2.883 0.875691904825
2.884 1.87124712525
2.885 1.87048439568
2.886 1.63487809128
2.887 1.20895628175
2.888 1.42464455553
2.889 0.166142291375
2.89 0.0453831288788
2.891 0.184067587828
2.892 -0.340068220177
2.893 -0.714468142166
2.894 -0.860031778808
2.895 -0.379749460708
2.896 -0.343512088064
2.897 -0.84825879529
2.898 -0.843837851375
2.899 0.0725381209919
2.9 -0.264865881569
2.901 0.138555584249
2.902 0.570707864832
2.903 0.451509338573
2.904 1.31724495959
2.905 0.697020981752
2.906 0.465437413963
2.907 0.42067176701
2.908 0.790516423825
2.909 -0.313405335734
2.91 -0.35193344134
2.911 -0.22562141527
2.912 -1.34585263667
2.913 -1.45385625084
2.914 -1.63894545649
2.915 -1.5377048947
2.916 -1.41204246488
2.917 -1.40973546613
2.918 -0.979112985597
2.919 -1.22061305061
2.92 -0.374140888321
2.921 -0.324001044296
2.922 0.237135219715
2.923 0.351442310483
2.924 0.536974932183
2.925 0.411844185559
2.926 0.272249865966
2.927 -0.0906869011257
2.928 -0.42499304851
2.929 -0.539723157931
2.93 -0.93922723618
2.931 -1.0657289647
2.932 -1.55557122282
2.933 -2.02819879293
2.934 -1.45821254117
2.935 -1.50791273394
2.936 -1.97616006129
2.937 -2.21310327353
2.938 -1.50694330103
2.939 -1.21200291798
2.94 -0.884294842891
2.941 -0.542472112392
2.942 -0.667962727696
2.943 0.247762430909
2.944 0.364924790071
2.945 -0.184025710999
2.946 -0.495234033727
2.947 -0.468749033479
2.948 -0.0545367847019
2.949 -0.336101738976
2.95 -0.965012243684
2.951 -1.7338328048
2.952 -1.71866664905
2.953 -1.52660644134
2.954 -1.5600455725
2.955 -2.26420263705
2.956 -2.02059061328
2.957 -2.02950386464
2.958 -1.7787509319
2.959 -1.02109327232
2.96 -1.35319730076
2.961 -0.196613039888
2.962 -0.134779250153
2.963 -0.49694466172
2.964 -0.179354194925
2.965 -0.198680244605
2.966 0.37903887987
2.967 0.200811772047
2.968 -0.283258659146
2.969 -0.0573756201585
2.97 -0.870280894804
2.971 -0.878014828208
2.972 -1.16555902987
2.973 -1.07396902453
2.974 -1.62084931168
2.975 -1.21294055588
2.976 -1.52200840792
2.977 -1.03998367451
2.978 -1.70621416533
2.979 -0.426218652536
2.98 -0.826679392175
2.981 -0.693362216959
2.982 -0.104695783648
2.983 0.676289353041
2.984 0.209523995203
2.985 0.211563116496
2.986 0.0891603487345
2.987 0.789924543651
2.988 0.219282669484
2.989 0.0329902601464
2.99 0.0649780957008
2.991 -0.532280599218
2.992 -0.416151706323
2.993 -0.679095817961
2.994 -1.52427306905
2.995 -1.27690314677
2.996 -0.875404549196
2.997 -0.689208547979
2.998 -0.51615848051
2.999 -0.43162400207
