0.0 0.0
0.001 0.0314107590781
0.002 0.0627905195293
0.003 0.0941083133185
0.004 0.125333233564
0.005 0.15643446504
0.006 0.187381314586
0.007 0.218143241397
0.008 0.248689887165
0.009 0.278991106039
0.01 0.309016994375
0.011 0.338737920245
0.012 0.368124552685
0.013 0.397147890635
0.014 0.425779291565
0.015 0.45399049974
0.016 0.481753674102
0.017 0.50904141575
0.018 0.535826794979
0.019 0.562083377852
0.02 0.587785252292
0.021 0.612907053653
0.022 0.637423989749
0.023 0.661311865324
0.024 0.684547105929
0.025 0.707106781187
0.026 0.728968627421
0.027 0.75011106963
0.028 0.770513242776
0.029 0.790155012376
0.03 0.809016994375
0.031 0.827080574275
0.032 0.844327925502
0.033 0.860742027004
0.034 0.876306680044
0.035 0.891006524188
0.036 0.904827052466
0.037 0.917754625684
0.038 0.929776485888
0.039 0.940880768954
0.04 0.951056516295
0.041 0.960293685677
0.042 0.968583161129
0.043 0.975916761939
0.044 0.982287250729
0.045 0.987688340595
0.046 0.992114701314
0.047 0.995561964603
0.048 0.998026728428
0.049 0.999506560366
0.05 1.0
0.051 0.999506560366
0.052 0.998026728428
0.053 0.995561964603
0.054 0.992114701314
0.055 0.987688340595
0.056 0.982287250729
0.057 0.975916761939
0.058 0.968583161129
0.059 0.960293685677
0.06 0.951056516295
0.061 0.940880768954
0.062 0.929776485888
0.063 0.917754625684
0.064 0.904827052466
0.065 0.891006524188
0.066 0.876306680044
0.067 0.860742027004
0.068 0.844327925502
0.069 0.827080574275
0.07 0.809016994375
0.071 0.790155012376
0.072 0.770513242776
0.073 0.75011106963
0.074 0.728968627421
0.075 0.707106781187
0.076 0.684547105929
0.077 0.661311865324
0.078 0.637423989749
0.079 0.612907053653
0.08 0.587785252292
0.081 0.562083377852
0.082 0.535826794979
0.083 0.50904141575
0.084 0.481753674102
0.085 0.45399049974
0.086 0.425779291565
0.087 0.397147890635
0.088 0.368124552685
0.089 0.338737920245
0.09 0.309016994375
0.091 0.278991106039
0.092 0.248689887165
0.093 0.218143241397
0.094 0.187381314586
0.095 0.15643446504
0.096 0.125333233564
0.097 0.0941083133185
0.098 0.0627905195293
0.099 0.0314107590781
0.1 1.22464679915e-16
0.101 -0.0314107590781
0.102 -0.0627905195293
0.103 -0.0941083133185
0.104 -0.125333233564
0.105 -0.15643446504
0.106 -0.187381314586
0.107 -0.218143241397
0.108 -0.248689887165
0.109 -0.278991106039
0.11 -0.309016994375
0.111 -0.338737920245
0.112 -0.368124552685
0.113 -0.397147890635
0.114 -0.425779291565
0.115 -0.45399049974
0.116 -0.481753674102
0.117 -0.50904141575
0.118 -0.535826794979
0.119 -0.562083377852
0.12 -0.587785252292
0.121 -0.612907053653
0.122 -0.637423989749
0.123 -0.661311865324
0.124 -0.684547105929
0.125 -0.707106781187
0.126 -0.728968627421
0.127 -0.75011106963
0.128 -0.770513242776
0.129 -0.790155012376
0.13 -0.809016994375
0.131 -0.827080574275
0.132 -0.844327925502
0.133 -0.860742027004
0.134 -0.876306680044
0.135 -0.891006524188
0.136 -0.904827052466
0.137 -0.917754625684
0.138 -0.929776485888
0.139 -0.940880768954
0.14 -0.951056516295
0.141 -0.960293685677
0.142 -0.968583161129
0.143 -0.975916761939
0.144 -0.982287250729
0.145 -0.987688340595
0.146 -0.992114701314
0.147 -0.995561964603
0.148 -0.998026728428
0.149 -0.999506560366
0.15 -1.0
0.151 -0.999506560366
0.152 -0.998026728428
0.153 -0.995561964603
0.154 -0.992114701314
0.155 -0.987688340595
0.156 -0.982287250729
0.157 -0.975916761939
0.158 -0.968583161129
0.159 -0.960293685677
0.16 -0.951056516295
0.161 -0.940880768954
0.162 -0.929776485888
0.163 -0.917754625684
0.164 -0.904827052466
0.165 -0.891006524188
0.166 -0.876306680044
0.167 -0.860742027004
0.168 -0.844327925502
0.169 -0.827080574275
0.17 -0.809016994375
0.171 -0.790155012376
0.172 -0.770513242776
0.173 -0.75011106963
0.174 -0.728968627421
0.175 -0.707106781187
0.176 -0.684547105929
0.177 -0.661311865324
0.178 -0.637423989749
0.179 -0.612907053653
0.18 -0.587785252292
0.181 -0.562083377852
0.182 -0.535826794979
0.183 -0.50904141575
0.184 -0.481753674102
0.185 -0.45399049974
0.186 -0.425779291565
0.187 -0.397147890635
0.188 -0.368124552685
0.189 -0.338737920245
0.19 -0.309016994375
0.191 -0.278991106039
0.192 -0.248689887165
0.193 -0.218143241397
0.194 -0.187381314586
0.195 -0.15643446504
0.196 -0.125333233564
0.197 -0.0941083133185
0.198 -0.0627905195293
0.199 -0.0314107590781
0.2 -2.44929359829e-16
0.201 0.0314107590781
0.202 0.0627905195293
0.203 0.0941083133185
0.204 0.125333233564
0.205 0.15643446504
0.206 0.187381314586
0.207 0.218143241397
0.208 0.248689887165
0.209 0.278991106039
0.21 0.309016994375
0.211 0.338737920245
0.212 0.368124552685
0.213 0.397147890635
0.214 0.425779291565
0.215 0.45399049974
0.216 0.481753674102
0.217 0.50904141575
0.218 0.535826794979
0.219 0.562083377852
0.22 0.587785252292
0.221 0.612907053653
0.222 0.637423989749
0.223 0.661311865324
0.224 0.684547105929
0.225 0.707106781187
0.226 0.728968627421
0.227 0.75011106963
0.228 0.770513242776
0.229 0.790155012376
0.23 0.809016994375
0.231 0.827080574275
0.232 0.844327925502
0.233 0.860742027004
0.234 0.876306680044
0.235 0.891006524188
0.236 0.904827052466
0.237 0.917754625684
0.238 0.929776485888
0.239 0.940880768954
0.24 0.951056516295
0.241 0.960293685677
0.242 0.968583161129
0.243 0.975916761939
0.244 0.982287250729
0.245 0.987688340595
0.246 0.992114701314
0.247 0.995561964603
0.248 0.998026728428
0.249 0.999506560366
0.25 1.0
0.251 0.999506560366
0.252 0.998026728428
0.253 0.995561964603
0.254 0.992114701314
0.255 0.987688340595
0.256 0.982287250729
0.257 0.975916761939
0.258 0.968583161129
0.259 0.960293685677
0.26 0.951056516295
0.261 0.940880768954
0.262 0.929776485888
0.263 0.917754625684
0.264 0.904827052466
0.265 0.891006524188
0.266 0.876306680044
0.267 0.860742027004
0.268 0.844327925502
0.269 0.827080574275
0.27 0.809016994375
0.271 0.790155012376
0.272 0.770513242776
0.273 0.75011106963
0.274 0.728968627421
0.275 0.707106781187
0.276 0.684547105929
0.277 0.661311865324
0.278 0.637423989749
0.279 0.612907053653
0.28 0.587785252292
0.281 0.562083377852
0.282 0.535826794979
0.283 0.50904141575
0.284 0.481753674102
0.285 0.45399049974
0.286 0.425779291565
0.287 0.397147890635
0.288 0.368124552685
0.289 0.338737920245
0.29 0.309016994375
0.291 0.278991106039
0.292 0.248689887165
0.293 0.218143241397
0.294 0.187381314586
0.295 0.15643446504
0.296 0.125333233564
0.297 0.0941083133185
0.298 0.0627905195293
0.299 0.0314107590781
0.3 3.67394039744e-16
0.301 -0.0314107590781
0.302 -0.0627905195293
0.303 -0.0941083133185
0.304 -0.125333233564
0.305 -0.15643446504
0.306 -0.187381314586
0.307 -0.218143241397
0.308 -0.248689887165
0.309 -0.278991106039
0.31 -0.309016994375
0.311 -0.338737920245
0.312 -0.368124552685
0.313 -0.397147890635
0.314 -0.425779291565
0.315 -0.45399049974
0.316 -0.481753674102
0.317 -0.50904141575
0.318 -0.535826794979
0.319 -0.562083377852
0.32 -0.587785252292
0.321 -0.612907053653
0.322 -0.637423989749
0.323 -0.661311865324
0.324 -0.684547105929
0.325 -0.707106781187
0.326 -0.728968627421
0.327 -0.75011106963
0.328 -0.770513242776
0.329 -0.790155012376
0.33 -0.809016994375
0.331 -0.827080574275
0.332 -0.844327925502
0.333 -0.860742027004
0.334 -0.876306680044
0.335 -0.891006524188
0.336 -0.904827052466
0.337 -0.917754625684
0.338 -0.929776485888
0.339 -0.940880768954
0.34 -0.951056516295
0.341 -0.960293685677
0.342 -0.968583161129
0.343 -0.975916761939
0.344 -0.982287250729
0.345 -0.987688340595
0.346 -0.992114701314
0.347 -0.995561964603
0.348 -0.998026728428
0.349 -0.999506560366
0.35 -1.0
0.351 -0.999506560366
0.352 -0.998026728428
0.353 -0.995561964603
0.354 -0.992114701314
0.355 -0.987688340595
0.356 -0.982287250729
0.357 -0.975916761939
0.358 -0.968583161129
0.359 -0.960293685677
0.36 -0.951056516295
0.361 -0.940880768954
0.362 -0.929776485888
0.363 -0.917754625684
0.364 -0.904827052466
0.365 -0.891006524188
0.366 -0.876306680044
0.367 -0.860742027004
0.368 -0.844327925502
0.369 -0.827080574275
0.37 -0.809016994375
0.371 -0.790155012376
0.372 -0.770513242776
0.373 -0.75011106963
0.374 -0.728968627421
0.375 -0.707106781187
0.376 -0.684547105929
0.377 -0.661311865324
0.378 -0.637423989749
0.379 -0.612907053653
0.38 -0.587785252292
0.381 -0.562083377852
0.382 -0.535826794979
0.383 -0.50904141575
0.384 -0.481753674102
0.385 -0.45399049974
0.386 -0.425779291565
0.387 -0.397147890635
0.388 -0.368124552685
0.389 -0.338737920245
0.39 -0.309016994375
0.391 -0.278991106039
0.392 -0.248689887165
0.393 -0.218143241397
0.394 -0.187381314586
0.395 -0.15643446504
0.396 -0.125333233564
0.397 -0.0941083133185
0.398 -0.0627905195293
0.399 -0.0314107590781
0.4 -4.89858719659e-16
0.401 0.0314107590781
0.402 0.0627905195293
0.403 0.0941083133185
0.404 0.125333233564
0.405 0.15643446504
0.406 0.187381314586
0.407 0.218143241397
0.408 0.248689887165
0.409 0.278991106039
0.41 0.309016994375
0.411 0.338737920245
0.412 0.368124552685
0.413 0.397147890635
0.414 0.425779291565
0.415 0.45399049974
0.416 0.481753674102
0.417 0.50904141575
0.418 0.535826794979
0.419 0.562083377852
0.42 0.587785252292
0.421 0.612907053653
0.422 0.637423989749
0.423 0.661311865324
0.424 0.684547105929
0.425 0.707106781187
0.426 0.728968627421
0.427 0.75011106963
0.428 0.770513242776
0.429 0.790155012376
0.43 0.809016994375
0.431 0.827080574275
0.432 0.844327925502
0.433 0.860742027004
0.434 0.876306680044
0.435 0.891006524188
0.436 0.904827052466
0.437 0.917754625684
0.438 0.929776485888
0.439 0.940880768954
0.44 0.951056516295
0.441 0.960293685677
0.442 0.968583161129
0.443 0.975916761939
0.444 0.982287250729
0.445 0.987688340595
0.446 0.992114701314
0.447 0.995561964603
0.448 0.998026728428
0.449 0.999506560366
0.45 1.0
0.451 0.999506560366
0.452 0.998026728428
0.453 0.995561964603
0.454 0.992114701314
0.455 0.987688340595
0.456 0.982287250729
0.457 0.975916761939
0.458 0.968583161129
0.459 0.960293685677
0.46 0.951056516295
0.461 0.940880768954
0.462 0.929776485888
0.463 0.917754625684
0.464 0.904827052466
0.465 0.891006524188
0.466 0.876306680044
0.467 0.860742027004
0.468 0.844327925502
0.469 0.827080574275
0.47 0.809016994375
0.471 0.790155012376
0.472 0.770513242776
0.473 0.75011106963
0.474 0.728968627421
0.475 0.707106781187
0.476 0.684547105929
0.477 0.661311865324
0.478 0.637423989749
0.479 0.612907053653
0.48 0.587785252292
0.481 0.562083377852
0.482 0.535826794979
0.483 0.50904141575
0.484 0.481753674102
0.485 0.45399049974
0.486 0.425779291565
0.487 0.397147890635
0.488 0.368124552685
0.489 0.338737920245
0.49 0.309016994375
0.491 0.278991106039
0.492 0.248689887165
0.493 0.218143241397
0.494 0.187381314586
0.495 0.15643446504
0.496 0.125333233564
0.497 0.0941083133185
0.498 0.0627905195293
0.499 0.0314107590781
0.5 6.12323399574e-16
0.501 -0.0314107590781
0.502 -0.0627905195293
0.503 -0.0941083133185
0.504 -0.125333233564
0.505 -0.15643446504
0.506 -0.187381314586
0.507 -0.218143241397
0.508 -0.248689887165
0.509 -0.278991106039
0.51 -0.309016994375
0.511 -0.338737920245
0.512 -0.368124552685
0.513 -0.397147890635
0.514 -0.425779291565
0.515 -0.45399049974
0.516 -0.481753674102
0.517 -0.50904141575
0.518 -0.535826794979
0.519 -0.562083377852
0.52 -0.587785252292
0.521 -0.612907053653
0.522 -0.637423989749
0.523 -0.661311865324
0.524 -0.684547105929
0.525 -0.707106781187
0.526 -0.728968627421
0.527 -0.75011106963
0.528 -0.770513242776
0.529 -0.790155012376
0.53 -0.809016994375
0.531 -0.827080574275
0.532 -0.844327925502
0.533 -0.860742027004
0.534 -0.876306680044
0.535 -0.891006524188
0.536 -0.904827052466
0.537 -0.917754625684
0.538 -0.929776485888
0.539 -0.940880768954
0.54 -0.951056516295
0.541 -0.960293685677
0.542 -0.968583161129
0.543 -0.975916761939
0.544 -0.982287250729
0.545 -0.987688340595
0.546 -0.992114701314
0.547 -0.995561964603
0.548 -0.998026728428
0.549 -0.999506560366
0.55 -1.0
0.551 -0.999506560366
0.552 -0.998026728428
0.553 -0.995561964603
0.554 -0.992114701314
0.555 -0.987688340595
0.556 -0.982287250729
0.557 -0.975916761939
0.558 -0.968583161129
0.559 -0.960293685677
0.56 -0.951056516295
0.561 -0.940880768954
0.562 -0.929776485888
0.563 -0.917754625684
0.564 -0.904827052466
0.565 -0.891006524188
0.566 -0.876306680044
0.567 -0.860742027004
0.568 -0.844327925502
0.569 -0.827080574275
0.57 -0.809016994375
0.571 -0.790155012376
0.572 -0.770513242776
0.573 -0.75011106963
0.574 -0.728968627421
0.575 -0.707106781187
0.576 -0.684547105929
0.577 -0.661311865324
0.578 -0.637423989749
0.579 -0.612907053653
0.58 -0.587785252292
0.581 -0.562083377852
0.582 -0.535826794979
0.583 -0.50904141575
0.584 -0.481753674102
0.585 -0.45399049974
0.586 -0.425779291565
0.587 -0.397147890635
0.588 -0.368124552685
0.589 -0.338737920245
0.59 -0.309016994375
0.591 -0.278991106039
0.592 -0.248689887165
0.593 -0.218143241397
0.594 -0.187381314586
0.595 -0.15643446504
0.596 -0.125333233564
0.597 -0.0941083133185
0.598 -0.0627905195293
0.599 -0.0314107590781
0.6 -7.34788079488e-16
0.601 0.0314107590781
0.602 0.0627905195293
0.603 0.0941083133185
0.604 0.125333233564
0.605 0.15643446504
0.606 0.187381314586
0.607 0.218143241397
0.608 0.248689887165
0.609 0.278991106039
0.61 0.309016994375
0.611 0.338737920245
0.612 0.368124552685
0.613 0.397147890635
0.614 0.425779291565
0.615 0.45399049974
0.616 0.481753674102
0.617 0.50904141575
0.618 0.535826794979
0.619 0.562083377852
0.62 0.587785252292
0.621 0.612907053653
0.622 0.637423989749
0.623 0.661311865324
0.624 0.684547105929
0.625 0.707106781187
0.626 0.728968627421
0.627 0.75011106963
0.628 0.770513242776
0.629 0.790155012376
0.63 0.809016994375
0.631 0.827080574275
0.632 0.844327925502
0.633 0.860742027004
0.634 0.876306680044
0.635 0.891006524188
0.636 0.904827052466
0.637 0.917754625684
0.638 0.929776485888
0.639 0.940880768954
0.64 0.951056516295
0.641 0.960293685677
0.642 0.968583161129
0.643 0.975916761939
0.644 0.982287250729
0.645 0.987688340595
0.646 0.992114701314
0.647 0.995561964603
0.648 0.998026728428
0.649 0.999506560366
0.65 1.0
0.651 0.999506560366
0.652 0.998026728428
0.653 0.995561964603
0.654 0.992114701314
0.655 0.987688340595
0.656 0.982287250729
0.657 0.975916761939
0.658 0.968583161129
0.659 0.960293685677
0.66 0.951056516295
0.661 0.940880768954
0.662 0.929776485888
0.663 0.917754625684
0.664 0.904827052466
0.665 0.891006524188
0.666 0.876306680044
0.667 0.860742027004
0.668 0.844327925502
0.669 0.827080574275
0.67 0.809016994375
0.671 0.790155012376
0.672 0.770513242776
0.673 0.75011106963
0.674 0.728968627421
0.675 0.707106781187
0.676 0.684547105929
0.677 0.661311865324
0.678 0.637423989749
0.679 0.612907053653
0.68 0.587785252292
0.681 0.562083377852
0.682 0.535826794979
0.683 0.50904141575
0.684 0.481753674102
0.685 0.45399049974
0.686 0.425779291565
0.687 0.397147890635
0.688 0.368124552685
0.689 0.338737920245
0.69 0.309016994375
0.691 0.278991106039
0.692 0.248689887165
0.693 0.218143241397
0.694 0.187381314586
0.695 0.15643446504
0.696 0.125333233564
0.697 0.0941083133185
0.698 0.0627905195293
0.699 0.0314107590781
0.7 -2.6954609194e-15
0.701 -0.0314107590781
0.702 -0.0627905195293
0.703 -0.0941083133185
0.704 -0.125333233564
0.705 -0.15643446504
0.706 -0.187381314586
0.707 -0.218143241397
0.708 -0.248689887165
0.709 -0.278991106039
0.71 -0.309016994375
0.711 -0.338737920245
0.712 -0.368124552685
0.713 -0.397147890635
0.714 -0.425779291565
0.715 -0.45399049974
0.716 -0.481753674102
0.717 -0.50904141575
0.718 -0.535826794979
0.719 -0.562083377852
0.72 -0.587785252292
0.721 -0.612907053653
0.722 -0.637423989749
0.723 -0.661311865324
0.724 -0.684547105929
0.725 -0.707106781187
0.726 -0.728968627421
0.727 -0.75011106963
0.728 -0.770513242776
0.729 -0.790155012376
0.73 -0.809016994375
0.731 -0.827080574275
0.732 -0.844327925502
0.733 -0.860742027004
0.734 -0.876306680044
0.735 -0.891006524188
0.736 -0.904827052466
0.737 -0.917754625684
0.738 -0.929776485888
0.739 -0.940880768954
0.74 -0.951056516295
0.741 -0.960293685677
0.742 -0.968583161129
0.743 -0.975916761939
0.744 -0.982287250729
0.745 -0.987688340595
0.746 -0.992114701314
0.747 -0.995561964603
0.748 -0.998026728428
0.749 -0.999506560366
0.75 -1.0
0.751 -0.999506560366
0.752 -0.998026728428
0.753 -0.995561964603
0.754 -0.992114701314
0.755 -0.987688340595
0.756 -0.982287250729
0.757 -0.975916761939
0.758 -0.968583161129
0.759 -0.960293685677
0.76 -0.951056516295
0.761 -0.940880768954
0.762 -0.929776485888
0.763 -0.917754625684
0.764 -0.904827052466
0.765 -0.891006524188
0.766 -0.876306680044
0.767 -0.860742027004
0.768 -0.844327925502
0.769 -0.827080574275
0.77 -0.809016994375
0.771 -0.790155012376
0.772 -0.770513242776
0.773 -0.75011106963
0.774 -0.728968627421
0.775 -0.707106781187
0.776 -0.684547105929
0.777 -0.661311865324
0.778 -0.637423989749
0.779 -0.612907053653
0.78 -0.587785252292
0.781 -0.562083377852
0.782 -0.535826794979
0.783 -0.50904141575
0.784 -0.481753674102
0.785 -0.45399049974
0.786 -0.425779291565
0.787 -0.397147890635
0.788 -0.368124552685
0.789 -0.338737920245
0.79 -0.309016994375
0.791 -0.278991106039
0.792 -0.248689887165
0.793 -0.218143241397
0.794 -0.187381314586
0.795 -0.15643446504
0.796 -0.125333233564
0.797 -0.0941083133185
0.798 -0.0627905195293
0.799 -0.0314107590781
0.8 -9.79717439318e-16
0.801 0.0314107590781
0.802 0.0627905195293
0.803 0.0941083133185
0.804 0.125333233564
0.805 0.15643446504
0.806 0.187381314586
0.807 0.218143241397
0.808 0.248689887165
0.809 0.278991106039
0.81 0.309016994375
0.811 0.338737920245
0.812 0.368124552685
0.813 0.397147890635
0.814 0.425779291565
0.815 0.45399049974
0.816 0.481753674102
0.817 0.50904141575
0.818 0.535826794979
0.819 0.562083377852
0.82 0.587785252292
0.821 0.612907053653
0.822 0.637423989749
0.823 0.661311865324
0.824 0.684547105929
0.825 0.707106781187
0.826 0.728968627421
0.827 0.75011106963
0.828 0.770513242776
0.829 0.790155012376
0.83 0.809016994375
0.831 0.827080574275
0.832 0.844327925502
0.833 0.860742027004
0.834 0.876306680044
0.835 0.891006524188
0.836 0.904827052466
0.837 0.917754625684
0.838 0.929776485888
0.839 0.940880768954
0.84 0.951056516295
0.841 0.960293685677
0.842 0.968583161129
0.843 0.975916761939
0.844 0.982287250729
0.845 0.987688340595
0.846 0.992114701314
0.847 0.995561964603
0.848 0.998026728428
0.849 0.999506560366
0.85 1.0
0.851 0.999506560366
0.852 0.998026728428
0.853 0.995561964603
0.854 0.992114701314
0.855 0.987688340595
0.856 0.982287250729
0.857 0.975916761939
0.858 0.968583161129
0.859 0.960293685677
0.86 0.951056516295
0.861 0.940880768954
0.862 0.929776485888
0.863 0.917754625684
0.864 0.904827052466
0.865 0.891006524188
0.866 0.876306680044
0.867 0.860742027004
0.868 0.844327925502
0.869 0.827080574275
0.87 0.809016994375
0.871 0.790155012376
0.872 0.770513242776
0.873 0.75011106963
0.874 0.728968627421
0.875 0.707106781187
0.876 0.684547105929
0.877 0.661311865324
0.878 0.637423989749
0.879 0.612907053653
0.88 0.587785252292
0.881 0.562083377852
0.882 0.535826794979
0.883 0.50904141575
0.884 0.481753674102
0.885 0.45399049974
0.886 0.425779291565
0.887 0.397147890635
0.888 0.368124552685
0.889 0.338737920245
0.89 0.309016994375
0.891 0.278991106039
0.892 0.248689887165
0.893 0.218143241397
0.894 0.187381314586
0.895 0.15643446504
0.896 0.125333233564
0.897 0.0941083133185
0.898 0.0627905195293
0.899 0.0314107590781
0.9 1.10218211923e-15
0.901 -0.0314107590781
0.902 -0.0627905195293
0.903 -0.0941083133185
0.904 -0.125333233564
0.905 -0.15643446504
0.906 -0.187381314586
0.907 -0.218143241397
0.908 -0.248689887165
0.909 -0.278991106039
0.91 -0.309016994375
0.911 -0.338737920245
0.912 -0.368124552685
0.913 -0.397147890635
0.914 -0.425779291565
0.915 -0.45399049974
0.916 -0.481753674102
0.917 -0.50904141575
0.918 -0.535826794979
0.919 -0.562083377852
0.92 -0.587785252292
0.921 -0.612907053653
0.922 -0.637423989749
0.923 -0.661311865324
0.924 -0.684547105929
0.925 -0.707106781187
0.926 -0.728968627421
0.927 -0.75011106963
0.928 -0.770513242776
0.929 -0.790155012376
0.93 -0.809016994375
0.931 -0.827080574275
0.932 -0.844327925502
0.933 -0.860742027004
0.934 -0.876306680044
0.935 -0.891006524188
0.936 -0.904827052466
0.937 -0.917754625684
0.938 -0.929776485888
0.939 -0.940880768954
0.94 -0.951056516295
0.941 -0.960293685677
0.942 -0.968583161129
0.943 -0.975916761939
0.944 -0.982287250729
0.945 -0.987688340595
0.946 -0.992114701314
0.947 -0.995561964603
0.948 -0.998026728428
0.949 -0.999506560366
0.95 -1.0
0.951 -0.999506560366
0.952 -0.998026728428
0.953 -0.995561964603
0.954 -0.992114701314
0.955 -0.987688340595
0.956 -0.982287250729
0.957 -0.975916761939
0.958 -0.968583161129
0.959 -0.960293685677
0.96 -0.951056516295
0.961 -0.940880768954
0.962 -0.929776485888
0.963 -0.917754625684
0.964 -0.904827052466
0.965 -0.891006524188
0.966 -0.876306680044
0.967 -0.860742027004
0.968 -0.844327925502
0.969 -0.827080574275
0.97 -0.809016994375
0.971 -0.790155012376
0.972 -0.770513242776
0.973 -0.75011106963
0.974 -0.728968627421
0.975 -0.707106781187
0.976 -0.684547105929
0.977 -0.661311865324
0.978 -0.637423989749
0.979 -0.612907053653
0.98 -0.587785252292
0.981 -0.562083377852
0.982 -0.535826794979
0.983 -0.50904141575
0.984 -0.481753674102
0.985 -0.45399049974
0.986 -0.425779291565
0.987 -0.397147890635
0.988 -0.368124552685
0.989 -0.338737920245
0.99 -0.309016994375
0.991 -0.278991106039
0.992 -0.248689887165
0.993 -0.218143241397
0.994 -0.187381314586
0.995 -0.15643446504
0.996 -0.125333233564
0.997 -0.0941083133185
0.998 -0.0627905195293
0.999 -0.0314107590781
1.0 -1.22464679915e-15
1.001 0.0314107590781
1.002 0.0627905195293
1.003 0.0941083133185
1.004 0.125333233564
1.005 0.15643446504
1.006 0.187381314586
1.007 0.218143241397
1.008 0.248689887165
1.009 0.278991106039
1.01 0.309016994375
1.011 0.338737920245
1.012 0.368124552685
1.013 0.397147890635
1.014 0.425779291565
1.015 0.45399049974
1.016 0.481753674102
1.017 0.50904141575
1.018 0.535826794979
1.019 0.562083377852
1.02 0.587785252292
1.021 0.612907053653
1.022 0.637423989749
1.023 0.661311865324
1.024 0.684547105929
1.025 0.707106781187
1.026 0.728968627421
1.027 0.75011106963
1.028 0.770513242776
1.029 0.790155012376
1.03 0.809016994375
1.031 0.827080574275
1.032 0.844327925502
1.033 0.860742027004
1.034 0.876306680044
1.035 0.891006524188
1.036 0.904827052466
1.037 0.917754625684
1.038 0.929776485888
1.039 0.940880768954
1.04 0.951056516295
1.041 0.960293685677
1.042 0.968583161129
1.043 0.975916761939
1.044 0.982287250729
1.045 0.987688340595
1.046 0.992114701314
1.047 0.995561964603
1.048 0.998026728428
1.049 0.999506560366
1.05 1.0
1.051 0.999506560366
1.052 0.998026728428
1.053 0.995561964603
1.054 0.992114701314
1.055 0.987688340595
1.056 0.982287250729
1.057 0.975916761939
1.058 0.968583161129
1.059 0.960293685677
1.06 0.951056516295
1.061 0.940880768954
1.062 0.929776485888
1.063 0.917754625684
1.064 0.904827052466
1.065 0.891006524188
1.066 0.876306680044
1.067 0.860742027004
1.068 0.844327925502
1.069 0.827080574275
1.07 0.809016994375
1.071 0.790155012376
1.072 0.770513242776
1.073 0.75011106963
1.074 0.728968627421
1.075 0.707106781187
1.076 0.684547105929
1.077 0.661311865324
1.078 0.637423989749
1.079 0.612907053653
1.08 0.587785252292
1.081 0.562083377852
1.082 0.535826794979
1.083 0.50904141575
1.084 0.481753674102
1.085 0.45399049974
1.086 0.425779291565
1.087 0.397147890635
1.088 0.368124552685
1.089 0.338737920245
1.09 0.309016994375
1.091 0.278991106039
1.092 0.248689887165
1.093 0.218143241397
1.094 0.187381314586
1.095 0.15643446504
1.096 0.125333233564
1.097 0.0941083133185
1.098 0.0627905195293
1.099 0.0314107590781
1.1 -2.20560219974e-15
1.101 -0.0314107590781
1.102 -0.0627905195293
1.103 -0.0941083133185
1.104 -0.125333233564
1.105 -0.15643446504
1.106 -0.187381314586
1.107 -0.218143241397
1.108 -0.248689887165
1.109 -0.278991106039
1.11 -0.309016994375
1.111 -0.338737920245
1.112 -0.368124552685
1.113 -0.397147890635
1.114 -0.425779291565
1.115 -0.45399049974
1.116 -0.481753674102
1.117 -0.50904141575
1.118 -0.535826794979
1.119 -0.562083377852
1.12 -0.587785252292
1.121 -0.612907053653
1.122 -0.637423989749
1.123 -0.661311865324
1.124 -0.684547105929
1.125 -0.707106781187
1.126 -0.728968627421
1.127 -0.75011106963
1.128 -0.770513242776
1.129 -0.790155012376
1.13 -0.809016994375
1.131 -0.827080574275
1.132 -0.844327925502
1.133 -0.860742027004
1.134 -0.876306680044
1.135 -0.891006524188
1.136 -0.904827052466
1.137 -0.917754625684
1.138 -0.929776485888
1.139 -0.940880768954
1.14 -0.951056516295
1.141 -0.960293685677
1.142 -0.968583161129
1.143 -0.975916761939
1.144 -0.982287250729
1.145 -0.987688340595
1.146 -0.992114701314
1.147 -0.995561964603
1.148 -0.998026728428
1.149 -0.999506560366
1.15 -1.0
1.151 -0.999506560366
1.152 -0.998026728428
1.153 -0.995561964603
1.154 -0.992114701314
1.155 -0.987688340595
1.156 -0.982287250729
1.157 -0.975916761939
1.158 -0.968583161129
1.159 -0.960293685677
1.16 -0.951056516295
1.161 -0.940880768954
1.162 -0.929776485888
1.163 -0.917754625684
1.164 -0.904827052466
1.165 -0.891006524188
1.166 -0.876306680044
1.167 -0.860742027004
1.168 -0.844327925502
1.169 -0.827080574275
1.17 -0.809016994375
1.171 -0.790155012376
1.172 -0.770513242776
1.173 -0.75011106963
1.174 -0.728968627421
1.175 -0.707106781187
1.176 -0.684547105929
1.177 -0.661311865324
1.178 -0.637423989749
1.179 -0.612907053653
1.18 -0.587785252292
1.181 -0.562083377852
1.182 -0.535826794979
1.183 -0.50904141575
1.184 -0.481753674102
1.185 -0.45399049974
1.186 -0.425779291565
1.187 -0.397147890635
1.188 -0.368124552685
1.189 -0.338737920245
1.19 -0.309016994375
1.191 -0.278991106039
1.192 -0.248689887165
1.193 -0.218143241397
1.194 -0.187381314586
1.195 -0.15643446504
1.196 -0.125333233564
1.197 -0.0941083133185
1.198 -0.0627905195293
1.199 -0.0314107590781
1.2 -1.46957615898e-15
1.201 0.0314107590781
1.202 0.0627905195293
1.203 0.0941083133185
1.204 0.125333233564
1.205 0.15643446504
1.206 0.187381314586
1.207 0.218143241397
1.208 0.248689887165
1.209 0.278991106039
1.21 0.309016994375
1.211 0.338737920245
1.212 0.368124552685
1.213 0.397147890635
1.214 0.425779291565
1.215 0.45399049974
1.216 0.481753674102
1.217 0.50904141575
1.218 0.535826794979
1.219 0.562083377852
1.22 0.587785252292
1.221 0.612907053653
1.222 0.637423989749
1.223 0.661311865324
1.224 0.684547105929
1.225 0.707106781187
1.226 0.728968627421
1.227 0.75011106963
1.228 0.770513242776
1.229 0.790155012376
1.23 0.809016994375
1.231 0.827080574275
1.232 0.844327925502
1.233 0.860742027004
1.234 0.876306680044
1.235 0.891006524188
1.236 0.904827052466
1.237 0.917754625684
1.238 0.929776485888
1.239 0.940880768954
1.24 0.951056516295
1.241 0.960293685677
1.242 0.968583161129
1.243 0.975916761939
1.244 0.982287250729
1.245 0.987688340595
1.246 0.992114701314
1.247 0.995561964603
1.248 0.998026728428
1.249 0.999506560366
1.25 1.0
1.251 0.999506560366
1.252 0.998026728428
1.253 0.995561964603
1.254 0.992114701314
1.255 0.987688340595
1.256 0.982287250729
1.257 0.975916761939
1.258 0.968583161129
1.259 0.960293685677
1.26 0.951056516295
1.261 0.940880768954
1.262 0.929776485888
1.263 0.917754625684
1.264 0.904827052466
1.265 0.891006524188
1.266 0.876306680044
1.267 0.860742027004
1.268 0.844327925502
1.269 0.827080574275
1.27 0.809016994375
1.271 0.790155012376
1.272 0.770513242776
1.273 0.75011106963
1.274 0.728968627421
1.275 0.707106781187
1.276 0.684547105929
1.277 0.661311865324
1.278 0.637423989749
1.279 0.612907053653
1.28 0.587785252292
1.281 0.562083377852
1.282 0.535826794979
1.283 0.50904141575
1.284 0.481753674102
1.285 0.45399049974
1.286 0.425779291565
1.287 0.397147890635
1.288 0.368124552685
1.289 0.338737920245
1.29 0.309016994375
1.291 0.278991106039
1.292 0.248689887165
1.293 0.218143241397
1.294 0.187381314586
1.295 0.15643446504
1.296 0.125333233564
1.297 0.0941083133185
1.298 0.0627905195293
1.299 0.0314107590781
1.3 -1.96067283991e-15
1.301 -0.0314107590781
1.302 -0.0627905195293
1.303 -0.0941083133185
1.304 -0.125333233564
1.305 -0.15643446504
1.306 -0.187381314586
1.307 -0.218143241397
1.308 -0.248689887165
1.309 -0.278991106039
1.31 -0.309016994375
1.311 -0.338737920245
1.312 -0.368124552685
1.313 -0.397147890635
1.314 -0.425779291565
1.315 -0.45399049974
1.316 -0.481753674102
1.317 -0.50904141575
1.318 -0.535826794979
1.319 -0.562083377852
1.32 -0.587785252292
1.321 -0.612907053653
1.322 -0.637423989749
1.323 -0.661311865324
1.324 -0.684547105929
1.325 -0.707106781187
1.326 -0.728968627421
1.327 -0.75011106963
1.328 -0.770513242776
1.329 -0.790155012376
1.33 -0.809016994375
1.331 -0.827080574275
1.332 -0.844327925502
1.333 -0.860742027004
1.334 -0.876306680044
1.335 -0.891006524188
1.336 -0.904827052466
1.337 -0.917754625684
1.338 -0.929776485888
1.339 -0.940880768954
1.34 -0.951056516295
1.341 -0.960293685677
1.342 -0.968583161129
1.343 -0.975916761939
1.344 -0.982287250729
1.345 -0.987688340595
1.346 -0.992114701314
1.347 -0.995561964603
1.348 -0.998026728428
1.349 -0.999506560366
1.35 -1.0
1.351 -0.999506560366
1.352 -0.998026728428
1.353 -0.995561964603
1.354 -0.992114701314
1.355 -0.987688340595
1.356 -0.982287250729
1.357 -0.975916761939
1.358 -0.968583161129
1.359 -0.960293685677
1.36 -0.951056516295
1.361 -0.940880768954
1.362 -0.929776485888
1.363 -0.917754625684
1.364 -0.904827052466
1.365 -0.891006524188
1.366 -0.876306680044
1.367 -0.860742027004
1.368 -0.844327925502
1.369 -0.827080574275
1.37 -0.809016994375
1.371 -0.790155012376
1.372 -0.770513242776
1.373 -0.75011106963
1.374 -0.728968627421
1.375 -0.707106781187
1.376 -0.684547105929
1.377 -0.661311865324
1.378 -0.637423989749
1.379 -0.612907053653
1.38 -0.587785252292
1.381 -0.562083377852
1.382 -0.535826794979
1.383 -0.50904141575
1.384 -0.481753674102
1.385 -0.45399049974
1.386 -0.425779291565
1.387 -0.397147890635
1.388 -0.368124552685
1.389 -0.338737920245
1.39 -0.309016994375
1.391 -0.278991106039
1.392 -0.248689887165
1.393 -0.218143241397
1.394 -0.187381314586
1.395 -0.15643446504
1.396 -0.125333233564
1.397 -0.0941083133185
1.398 -0.0627905195293
1.399 -0.0314107590781
1.4 5.39092183879e-15
1.401 0.0314107590781
1.402 0.0627905195293
1.403 0.0941083133185
1.404 0.125333233564
1.405 0.15643446504
1.406 0.187381314586
1.407 0.218143241397
1.408 0.248689887165
1.409 0.278991106039
1.41 0.309016994375
1.411 0.338737920245
1.412 0.368124552685
1.413 0.397147890635
1.414 0.425779291565
1.415 0.45399049974
1.416 0.481753674102
1.417 0.50904141575
1.418 0.535826794979
1.419 0.562083377852
1.42 0.587785252292
1.421 0.612907053653
1.422 0.637423989749
1.423 0.661311865324
1.424 0.684547105929
1.425 0.707106781187
1.426 0.728968627421
1.427 0.75011106963
1.428 0.770513242776
1.429 0.790155012376
1.43 0.809016994375
1.431 0.827080574275
1.432 0.844327925502
1.433 0.860742027004
1.434 0.876306680044
1.435 0.891006524188
1.436 0.904827052466
1.437 0.917754625684
1.438 0.929776485888
1.439 0.940880768954
1.44 0.951056516295
1.441 0.960293685677
1.442 0.968583161129
1.443 0.975916761939
1.444 0.982287250729
1.445 0.987688340595
1.446 0.992114701314
1.447 0.995561964603
1.448 0.998026728428
1.449 0.999506560366
1.45 1.0
1.451 0.999506560366
1.452 0.998026728428
1.453 0.995561964603
1.454 0.992114701314
1.455 0.987688340595
1.456 0.982287250729
1.457 0.975916761939
1.458 0.968583161129
1.459 0.960293685677
1.46 0.951056516295
1.461 0.940880768954
1.462 0.929776485888
1.463 0.917754625684
1.464 0.904827052466
1.465 0.891006524188
1.466 0.876306680044
1.467 0.860742027004
1.468 0.844327925502
1.469 0.827080574275
1.47 0.809016994375
1.471 0.790155012376
1.472 0.770513242776
1.473 0.75011106963
1.474 0.728968627421
1.475 0.707106781187
1.476 0.684547105929
1.477 0.661311865324
1.478 0.637423989749
1.479 0.612907053653
1.48 0.587785252292
1.481 0.562083377852
1.482 0.535826794979
1.483 0.50904141575
1.484 0.481753674102
1.485 0.45399049974
1.486 0.425779291565
1.487 0.397147890635
1.488 0.368124552685
1.489 0.338737920245
1.49 0.309016994375
1.491 0.278991106039
1.492 0.248689887165
1.493 0.218143241397
1.494 0.187381314586
1.495 0.15643446504
1.496 0.125333233564
1.497 0.0941083133185
1.498 0.0627905195293
1.499 0.0314107590781
1.5 5.38968387752e-15
1.501 -0.0314107590781
1.502 -0.0627905195293
1.503 -0.0941083133185
1.504 -0.125333233564
1.505 -0.15643446504
1.506 -0.187381314586
1.507 -0.218143241397
1.508 -0.248689887165
1.509 -0.278991106039
1.51 -0.309016994375
1.511 -0.338737920245
1.512 -0.368124552685
1.513 -0.397147890635
1.514 -0.425779291565
1.515 -0.45399049974
1.516 -0.481753674102
1.517 -0.50904141575
1.518 -0.535826794979
1.519 -0.562083377852
1.52 -0.587785252292
1.521 -0.612907053653
1.522 -0.637423989749
1.523 -0.661311865324
1.524 -0.684547105929
1.525 -0.707106781187
1.526 -0.728968627421
1.527 -0.75011106963
1.528 -0.770513242776
1.529 -0.790155012376
1.53 -0.809016994375
1.531 -0.827080574275
1.532 -0.844327925502
1.533 -0.860742027004
1.534 -0.876306680044
1.535 -0.891006524188
1.536 -0.904827052466
1.537 -0.917754625684
1.538 -0.929776485888
1.539 -0.940880768954
1.54 -0.951056516295
1.541 -0.960293685677
1.542 -0.968583161129
1.543 -0.975916761939
1.544 -0.982287250729
1.545 -0.987688340595
1.546 -0.992114701314
1.547 -0.995561964603
1.548 -0.998026728428
1.549 -0.999506560366
1.55 -1.0
1.551 -0.999506560366
1.552 -0.998026728428
1.553 -0.995561964603
1.554 -0.992114701314
1.555 -0.987688340595
1.556 -0.982287250729
1.557 -0.975916761939
1.558 -0.968583161129
1.559 -0.960293685677
1.56 -0.951056516295
1.561 -0.940880768954
1.562 -0.929776485888
1.563 -0.917754625684
1.564 -0.904827052466
1.565 -0.891006524188
1.566 -0.876306680044
1.567 -0.860742027004
1.568 -0.844327925502
1.569 -0.827080574275
1.57 -0.809016994375
1.571 -0.790155012376
1.572 -0.770513242776
1.573 -0.75011106963
1.574 -0.728968627421
1.575 -0.707106781187
1.576 -0.684547105929
1.577 -0.661311865324
1.578 -0.637423989749
1.579 -0.612907053653
1.58 -0.587785252292
1.581 -0.562083377852
1.582 -0.535826794979
1.583 -0.50904141575
1.584 -0.481753674102
1.585 -0.45399049974
1.586 -0.425779291565
1.587 -0.397147890635
1.588 -0.368124552685
1.589 -0.338737920245
1.59 -0.309016994375
1.591 -0.278991106039
1.592 -0.248689887165
1.593 -0.218143241397
1.594 -0.187381314586
1.595 -0.15643446504
1.596 -0.125333233564
1.597 -0.0941083133185
1.598 -0.0627905195293
1.599 -0.0314107590781
1.6 -1.95943487864e-15
1.601 0.0314107590781
1.602 0.0627905195293
1.603 0.0941083133185
1.604 0.125333233564
1.605 0.15643446504
1.606 0.187381314586
1.607 0.218143241397
1.608 0.248689887165
1.609 0.278991106039
1.61 0.309016994375
1.611 0.338737920245
1.612 0.368124552685
1.613 0.397147890635
1.614 0.425779291565
1.615 0.45399049974
1.616 0.481753674102
1.617 0.50904141575
1.618 0.535826794979
1.619 0.562083377852
1.62 0.587785252292
1.621 0.612907053653
1.622 0.637423989749
1.623 0.661311865324
1.624 0.684547105929
1.625 0.707106781187
1.626 0.728968627421
1.627 0.75011106963
1.628 0.770513242776
1.629 0.790155012376
1.63 0.809016994375
1.631 0.827080574275
1.632 0.844327925502
1.633 0.860742027004
1.634 0.876306680044
1.635 0.891006524188
1.636 0.904827052466
1.637 0.917754625684
1.638 0.929776485888
1.639 0.940880768954
1.64 0.951056516295
1.641 0.960293685677
1.642 0.968583161129
1.643 0.975916761939
1.644 0.982287250729
1.645 0.987688340595
1.646 0.992114701314
1.647 0.995561964603
1.648 0.998026728428
1.649 0.999506560366
1.65 1.0
1.651 0.999506560366
1.652 0.998026728428
1.653 0.995561964603
1.654 0.992114701314
1.655 0.987688340595
1.656 0.982287250729
1.657 0.975916761939
1.658 0.968583161129
1.659 0.960293685677
1.66 0.951056516295
1.661 0.940880768954
1.662 0.929776485888
1.663 0.917754625684
1.664 0.904827052466
1.665 0.891006524188
1.666 0.876306680044
1.667 0.860742027004
1.668 0.844327925502
1.669 0.827080574275
1.67 0.809016994375
1.671 0.790155012376
1.672 0.770513242776
1.673 0.75011106963
1.674 0.728968627421
1.675 0.707106781187
1.676 0.684547105929
1.677 0.661311865324
1.678 0.637423989749
1.679 0.612907053653
1.68 0.587785252292
1.681 0.562083377852
1.682 0.535826794979
1.683 0.50904141575
1.684 0.481753674102
1.685 0.45399049974
1.686 0.425779291565
1.687 0.397147890635
1.688 0.368124552685
1.689 0.338737920245
1.69 0.309016994375
1.691 0.278991106039
1.692 0.248689887165
1.693 0.218143241397
1.694 0.187381314586
1.695 0.15643446504
1.696 0.125333233564
1.697 0.0941083133185
1.698 0.0627905195293
1.699 0.0314107590781
1.7 5.63461323735e-15
1.701 -0.0314107590781
1.702 -0.0627905195293
1.703 -0.0941083133185
1.704 -0.125333233564
1.705 -0.15643446504
1.706 -0.187381314586
1.707 -0.218143241397
1.708 -0.248689887165
1.709 -0.278991106039
1.71 -0.309016994375
1.711 -0.338737920245
1.712 -0.368124552685
1.713 -0.397147890635
1.714 -0.425779291565
1.715 -0.45399049974
1.716 -0.481753674102
1.717 -0.50904141575
1.718 -0.535826794979
1.719 -0.562083377852
1.72 -0.587785252292
1.721 -0.612907053653
1.722 -0.637423989749
1.723 -0.661311865324
1.724 -0.684547105929
1.725 -0.707106781187
1.726 -0.728968627421
1.727 -0.75011106963
1.728 -0.770513242776
1.729 -0.790155012376
1.73 -0.809016994375
1.731 -0.827080574275
1.732 -0.844327925502
1.733 -0.860742027004
1.734 -0.876306680044
1.735 -0.891006524188
1.736 -0.904827052466
1.737 -0.917754625684
1.738 -0.929776485888
1.739 -0.940880768954
1.74 -0.951056516295
1.741 -0.960293685677
1.742 -0.968583161129
1.743 -0.975916761939
1.744 -0.982287250729
1.745 -0.987688340595
1.746 -0.992114701314
1.747 -0.995561964603
1.748 -0.998026728428
1.749 -0.999506560366
1.75 -1.0
1.751 -0.999506560366
1.752 -0.998026728428
1.753 -0.995561964603
1.754 -0.992114701314
1.755 -0.987688340595
1.756 -0.982287250729
1.757 -0.975916761939
1.758 -0.968583161129
1.759 -0.960293685677
1.76 -0.951056516295
1.761 -0.940880768954
1.762 -0.929776485888
1.763 -0.917754625684
1.764 -0.904827052466
1.765 -0.891006524188
1.766 -0.876306680044
1.767 -0.860742027004
1.768 -0.844327925502
1.769 -0.827080574275
1.77 -0.809016994375
1.771 -0.790155012376
1.772 -0.770513242776
1.773 -0.75011106963
1.774 -0.728968627421
1.775 -0.707106781187
1.776 -0.684547105929
1.777 -0.661311865324
1.778 -0.637423989749
1.779 -0.612907053653
1.78 -0.587785252292
1.781 -0.562083377852
1.782 -0.535826794979
1.783 -0.50904141575
1.784 -0.481753674102
1.785 -0.45399049974
1.786 -0.425779291565
1.787 -0.397147890635
1.788 -0.368124552685
1.789 -0.338737920245
1.79 -0.309016994375
1.791 -0.278991106039
1.792 -0.248689887165
1.793 -0.218143241397
1.794 -0.187381314586
1.795 -0.15643446504
1.796 -0.125333233564
1.797 -0.0941083133185
1.798 -0.0627905195293
1.799 -0.0314107590781
1.8 -2.20436423847e-15
1.801 0.0314107590781
1.802 0.0627905195293
1.803 0.0941083133185
1.804 0.125333233564
1.805 0.15643446504
1.806 0.187381314586
1.807 0.218143241397
1.808 0.248689887165
1.809 0.278991106039
1.81 0.309016994375
1.811 0.338737920245
1.812 0.368124552685
1.813 0.397147890635
1.814 0.425779291565
1.815 0.45399049974
1.816 0.481753674102
1.817 0.50904141575
1.818 0.535826794979
1.819 0.562083377852
1.82 0.587785252292
1.821 0.612907053653
1.822 0.637423989749
1.823 0.661311865324
1.824 0.684547105929
1.825 0.707106781187
1.826 0.728968627421
1.827 0.75011106963
1.828 0.770513242776
1.829 0.790155012376
1.83 0.809016994375
1.831 0.827080574275
1.832 0.844327925502
1.833 0.860742027004
1.834 0.876306680044
1.835 0.891006524188
1.836 0.904827052466
1.837 0.917754625684
1.838 0.929776485888
1.839 0.940880768954
1.84 0.951056516295
1.841 0.960293685677
1.842 0.968583161129
1.843 0.975916761939
1.844 0.982287250729
1.845 0.987688340595
1.846 0.992114701314
1.847 0.995561964603
1.848 0.998026728428
1.849 0.999506560366
1.85 1.0
1.851 0.999506560366
1.852 0.998026728428
1.853 0.995561964603
1.854 0.992114701314
1.855 0.987688340595
1.856 0.982287250729
1.857 0.975916761939
1.858 0.968583161129
1.859 0.960293685677
1.86 0.951056516295
1.861 0.940880768954
1.862 0.929776485888
1.863 0.917754625684
1.864 0.904827052466
1.865 0.891006524188
1.866 0.876306680044
1.867 0.860742027004
1.868 0.844327925502
1.869 0.827080574275
1.87 0.809016994375
1.871 0.790155012376
1.872 0.770513242776
1.873 0.75011106963
1.874 0.728968627421
1.875 0.707106781187
1.876 0.684547105929
1.877 0.661311865324
1.878 0.637423989749
1.879 0.612907053653
1.88 0.587785252292
1.881 0.562083377852
1.882 0.535826794979
1.883 0.50904141575
1.884 0.481753674102
1.885 0.45399049974
1.886 0.425779291565
1.887 0.397147890635
1.888 0.368124552685
1.889 0.338737920245
1.89 0.309016994375
1.891 0.278991106039
1.892 0.248689887165
1.893 0.218143241397
1.894 0.187381314586
1.895 0.15643446504
1.896 0.125333233564
1.897 0.0941083133185
1.898 0.0627905195293
1.899 0.0314107590781
1.9 -1.22588476042e-15
1.901 -0.0314107590781
1.902 -0.0627905195293
1.903 -0.0941083133185
1.904 -0.125333233564
1.905 -0.15643446504
1.906 -0.187381314586
1.907 -0.218143241397
1.908 -0.248689887165
1.909 -0.278991106039
1.91 -0.309016994375
1.911 -0.338737920245
1.912 -0.368124552685
1.913 -0.397147890635
1.914 -0.425779291565
1.915 -0.45399049974
1.916 -0.481753674102
1.917 -0.50904141575
1.918 -0.535826794979
1.919 -0.562083377852
1.92 -0.587785252292
1.921 -0.612907053653
1.922 -0.637423989749
1.923 -0.661311865324
1.924 -0.684547105929
1.925 -0.707106781187
1.926 -0.728968627421
1.927 -0.75011106963
1.928 -0.770513242776
1.929 -0.790155012376
1.93 -0.809016994375
1.931 -0.827080574275
1.932 -0.844327925502
1.933 -0.860742027004
1.934 -0.876306680044
1.935 -0.891006524188
1.936 -0.904827052466
1.937 -0.917754625684
1.938 -0.929776485888
1.939 -0.940880768954
1.94 -0.951056516295
1.941 -0.960293685677
1.942 -0.968583161129
1.943 -0.975916761939
1.944 -0.982287250729
1.945 -0.987688340595
1.946 -0.992114701314
1.947 -0.995561964603
1.948 -0.998026728428
1.949 -0.999506560366
1.95 -1.0
1.951 -0.999506560366
1.952 -0.998026728428
1.953 -0.995561964603
1.954 -0.992114701314
1.955 -0.987688340595
1.956 -0.982287250729
1.957 -0.975916761939
1.958 -0.968583161129
1.959 -0.960293685677
1.96 -0.951056516295
1.961 -0.940880768954
1.962 -0.929776485888
1.963 -0.917754625684
1.964 -0.904827052466
1.965 -0.891006524188
1.966 -0.876306680044
1.967 -0.860742027004
1.968 -0.844327925502
1.969 -0.827080574275
1.97 -0.809016994375
1.971 -0.790155012376
1.972 -0.770513242776
1.973 -0.75011106963
1.974 -0.728968627421
1.975 -0.707106781187
1.976 -0.684547105929
1.977 -0.661311865324
1.978 -0.637423989749
1.979 -0.612907053653
1.98 -0.587785252292
1.981 -0.562083377852
1.982 -0.535826794979
1.983 -0.50904141575
1.984 -0.481753674102
1.985 -0.45399049974
1.986 -0.425779291565
1.987 -0.397147890635
1.988 -0.368124552685
1.989 -0.338737920245
1.99 -0.309016994375
1.991 -0.278991106039
1.992 -0.248689887165
1.993 -0.218143241397
1.994 -0.187381314586
1.995 -0.15643446504
1.996 -0.125333233564
1.997 -0.0941083133185
1.998 -0.0627905195293
1.999 -0.0314107590781
2.0 -2.44929359829e-15
2.001 0.0314107590781
2.002 0.0627905195293
2.003 0.0941083133185
2.004 0.125333233564
2.005 0.15643446504
2.006 0.187381314586
2.007 0.218143241397
2.008 0.248689887165
2.009 0.278991106039
2.01 0.309016994375
2.011 0.338737920245
2.012 0.368124552685
2.013 0.397147890635
2.014 0.425779291565
2.015 0.45399049974
2.016 0.481753674102
2.017 0.50904141575
2.018 0.535826794979
2.019 0.562083377852
2.02 0.587785252292
2.021 0.612907053653
2.022 0.637423989749
2.023 0.661311865324
2.024 0.684547105929
2.025 0.707106781187
2.026 0.728968627421
2.027 0.75011106963
2.028 0.770513242776
2.029 0.790155012376
2.03 0.809016994375
2.031 0.827080574275
2.032 0.844327925502
2.033 0.860742027004
2.034 0.876306680044
2.035 0.891006524188
2.036 0.904827052466
2.037 0.917754625684
2.038 0.929776485888
2.039 0.940880768954
2.04 0.951056516295
2.041 0.960293685677
2.042 0.968583161129
2.043 0.975916761939
2.044 0.982287250729
2.045 0.987688340595
2.046 0.992114701314
2.047 0.995561964603
2.048 0.998026728428
2.049 0.999506560366
2.05 1.0
2.051 0.999506560366
2.052 0.998026728428
2.053 0.995561964603
2.054 0.992114701314
2.055 0.987688340595
2.056 0.982287250729
2.057 0.975916761939
2.058 0.968583161129
2.059 0.960293685677
2.06 0.951056516295
2.061 0.940880768954
2.062 0.929776485888
2.063 0.917754625684
2.064 0.904827052466
2.065 0.891006524188
2.066 0.876306680044
2.067 0.860742027004
2.068 0.844327925502
2.069 0.827080574275
2.07 0.809016994375
2.071 0.790155012376
2.072 0.770513242776
2.073 0.75011106963
2.074 0.728968627421
2.075 0.707106781187
2.076 0.684547105929
2.077 0.661311865324
2.078 0.637423989749
2.079 0.612907053653
2.08 0.587785252292
2.081 0.562083377852
2.082 0.535826794979
2.083 0.50904141575
2.084 0.481753674102
2.085 0.45399049974
2.086 0.425779291565
2.087 0.397147890635
2.088 0.368124552685
2.089 0.338737920245
2.09 0.309016994375
2.091 0.278991106039
2.092 0.248689887165
2.093 0.218143241397
2.094 0.187381314586
2.095 0.15643446504
2.096 0.125333233564
2.097 0.0941083133185
2.098 0.0627905195293
2.099 0.0314107590781
2.1 -9.80955400591e-16
2.101 -0.0314107590781
2.102 -0.0627905195293
2.103 -0.0941083133185
2.104 -0.125333233564
2.105 -0.15643446504
2.106 -0.187381314586
2.107 -0.218143241397
2.108 -0.248689887165
2.109 -0.278991106039
2.11 -0.309016994375
2.111 -0.338737920245
2.112 -0.368124552685
2.113 -0.397147890635
2.114 -0.425779291565
2.115 -0.45399049974
2.116 -0.481753674102
2.117 -0.50904141575
2.118 -0.535826794979
2.119 -0.562083377852
2.12 -0.587785252292
2.121 -0.612907053653
2.122 -0.637423989749
2.123 -0.661311865324
2.124 -0.684547105929
2.125 -0.707106781187
2.126 -0.728968627421
2.127 -0.75011106963
2.128 -0.770513242776
2.129 -0.790155012376
2.13 -0.809016994375
2.131 -0.827080574275
2.132 -0.844327925502
2.133 -0.860742027004
2.134 -0.876306680044
2.135 -0.891006524188
2.136 -0.904827052466
2.137 -0.917754625684
2.138 -0.929776485888
2.139 -0.940880768954
2.14 -0.951056516295
2.141 -0.960293685677
2.142 -0.968583161129
2.143 -0.975916761939
2.144 -0.982287250729
2.145 -0.987688340595
2.146 -0.992114701314
2.147 -0.995561964603
2.148 -0.998026728428
2.149 -0.999506560366
2.15 -1.0
2.151 -0.999506560366
2.152 -0.998026728428
2.153 -0.995561964603
2.154 -0.992114701314
2.155 -0.987688340595
2.156 -0.982287250729
2.157 -0.975916761939
2.158 -0.968583161129
2.159 -0.960293685677
2.16 -0.951056516295
2.161 -0.940880768954
2.162 -0.929776485888
2.163 -0.917754625684
2.164 -0.904827052466
2.165 -0.891006524188
2.166 -0.876306680044
2.167 -0.860742027004
2.168 -0.844327925502
2.169 -0.827080574275
2.17 -0.809016994375
2.171 -0.790155012376
2.172 -0.770513242776
2.173 -0.75011106963
2.174 -0.728968627421
2.175 -0.707106781187
2.176 -0.684547105929
2.177 -0.661311865324
2.178 -0.637423989749
2.179 -0.612907053653
2.18 -0.587785252292
2.181 -0.562083377852
2.182 -0.535826794979
2.183 -0.50904141575
2.184 -0.481753674102
2.185 -0.45399049974
2.186 -0.425779291565
2.187 -0.397147890635
2.188 -0.368124552685
2.189 -0.338737920245
2.19 -0.309016994375
2.191 -0.278991106039
2.192 -0.248689887165
2.193 -0.218143241397
2.194 -0.187381314586
2.195 -0.15643446504
2.196 -0.125333233564
2.197 -0.0941083133185
2.198 -0.0627905195293
2.199 -0.0314107590781
2.2 4.41120439948e-15
2.201 0.0314107590781
2.202 0.0627905195293
2.203 0.0941083133185
2.204 0.125333233564
2.205 0.15643446504
2.206 0.187381314586
2.207 0.218143241397
2.208 0.248689887165
2.209 0.278991106039
2.21 0.309016994375
2.211 0.338737920245
2.212 0.368124552685
2.213 0.397147890635
2.214 0.425779291565
2.215 0.45399049974
2.216 0.481753674102
2.217 0.50904141575
2.218 0.535826794979
2.219 0.562083377852
2.22 0.587785252292
2.221 0.612907053653
2.222 0.637423989749
2.223 0.661311865324
2.224 0.684547105929
2.225 0.707106781187
2.226 0.728968627421
2.227 0.75011106963
2.228 0.770513242776
2.229 0.790155012376
2.23 0.809016994375
2.231 0.827080574275
2.232 0.844327925502
2.233 0.860742027004
2.234 0.876306680044
2.235 0.891006524188
2.236 0.904827052466
2.237 0.917754625684
2.238 0.929776485888
2.239 0.940880768954
2.24 0.951056516295
2.241 0.960293685677
2.242 0.968583161129
2.243 0.975916761939
2.244 0.982287250729
2.245 0.987688340595
2.246 0.992114701314
2.247 0.995561964603
2.248 0.998026728428
2.249 0.999506560366
2.25 1.0
2.251 0.999506560366
2.252 0.998026728428
2.253 0.995561964603
2.254 0.992114701314
2.255 0.987688340595
2.256 0.982287250729
2.257 0.975916761939
2.258 0.968583161129
2.259 0.960293685677
2.26 0.951056516295
2.261 0.940880768954
2.262 0.929776485888
2.263 0.917754625684
2.264 0.904827052466
2.265 0.891006524188
2.266 0.876306680044
2.267 0.860742027004
2.268 0.844327925502
2.269 0.827080574275
2.27 0.809016994375
2.271 0.790155012376
2.272 0.770513242776
2.273 0.75011106963
2.274 0.728968627421
2.275 0.707106781187
2.276 0.684547105929
2.277 0.661311865324
2.278 0.637423989749
2.279 0.612907053653
2.28 0.587785252292
2.281 0.562083377852
2.282 0.535826794979
2.283 0.50904141575
2.284 0.481753674102
2.285 0.45399049974
2.286 0.425779291565
2.287 0.397147890635
2.288 0.368124552685
2.289 0.338737920245
2.29 0.309016994375
2.291 0.278991106039
2.292 0.248689887165
2.293 0.218143241397
2.294 0.187381314586
2.295 0.15643446504
2.296 0.125333233564
2.297 0.0941083133185
2.298 0.0627905195293
2.299 0.0314107590781
2.3 -7.84145339836e-15
2.301 -0.0314107590781
2.302 -0.0627905195293
2.303 -0.0941083133185
2.304 -0.125333233564
2.305 -0.15643446504
2.306 -0.187381314586
2.307 -0.218143241397
2.308 -0.248689887165
2.309 -0.278991106039
2.31 -0.309016994375
2.311 -0.338737920245
2.312 -0.368124552685
2.313 -0.397147890635
2.314 -0.425779291565
2.315 -0.45399049974
2.316 -0.481753674102
2.317 -0.50904141575
2.318 -0.535826794979
2.319 -0.562083377852
2.32 -0.587785252292
2.321 -0.612907053653
2.322 -0.637423989749
2.323 -0.661311865324
2.324 -0.684547105929
2.325 -0.707106781187
2.326 -0.728968627421
2.327 -0.75011106963
2.328 -0.770513242776
2.329 -0.790155012376
2.33 -0.809016994375
2.331 -0.827080574275
2.332 -0.844327925502
2.333 -0.860742027004
2.334 -0.876306680044
2.335 -0.891006524188
2.336 -0.904827052466
2.337 -0.917754625684
2.338 -0.929776485888
2.339 -0.940880768954
2.34 -0.951056516295
2.341 -0.960293685677
2.342 -0.968583161129
2.343 -0.975916761939
2.344 -0.982287250729
2.345 -0.987688340595
2.346 -0.992114701314
2.347 -0.995561964603
2.348 -0.998026728428
2.349 -0.999506560366
2.35 -1.0
2.351 -0.999506560366
2.352 -0.998026728428
2.353 -0.995561964603
2.354 -0.992114701314
2.355 -0.987688340595
2.356 -0.982287250729
2.357 -0.975916761939
2.358 -0.968583161129
2.359 -0.960293685677
2.36 -0.951056516295
2.361 -0.940880768954
2.362 -0.929776485888
2.363 -0.917754625684
2.364 -0.904827052466
2.365 -0.891006524188
2.366 -0.876306680044
2.367 -0.860742027004
2.368 -0.844327925502
2.369 -0.827080574275
2.37 -0.809016994375
2.371 -0.790155012376
2.372 -0.770513242776
2.373 -0.75011106963
2.374 -0.728968627421
2.375 -0.707106781187
2.376 -0.684547105929
2.377 -0.661311865324
2.378 -0.637423989749
2.379 -0.612907053653
2.38 -0.587785252292
2.381 -0.562083377852
2.382 -0.535826794979
2.383 -0.50904141575
2.384 -0.481753674102
2.385 -0.45399049974
2.386 -0.425779291565
2.387 -0.397147890635
2.388 -0.368124552685
2.389 -0.338737920245
2.39 -0.309016994375
2.391 -0.278991106039
2.392 -0.248689887165
2.393 -0.218143241397
2.394 -0.187381314586
2.395 -0.15643446504
2.396 -0.125333233564
2.397 -0.0941083133185
2.398 -0.0627905195293
2.399 -0.0314107590781
2.4 -2.93915231795e-15
2.401 0.0314107590781
2.402 0.0627905195293
2.403 0.0941083133185
2.404 0.125333233564
2.405 0.15643446504
2.406 0.187381314586
2.407 0.218143241397
2.408 0.248689887165
2.409 0.278991106039
2.41 0.309016994375
2.411 0.338737920245
2.412 0.368124552685
2.413 0.397147890635
2.414 0.425779291565
2.415 0.45399049974
2.416 0.481753674102
2.417 0.50904141575
2.418 0.535826794979
2.419 0.562083377852
2.42 0.587785252292
2.421 0.612907053653
2.422 0.637423989749
2.423 0.661311865324
2.424 0.684547105929
2.425 0.707106781187
2.426 0.728968627421
2.427 0.75011106963
2.428 0.770513242776
2.429 0.790155012376
2.43 0.809016994375
2.431 0.827080574275
2.432 0.844327925502
2.433 0.860742027004
2.434 0.876306680044
2.435 0.891006524188
2.436 0.904827052466
2.437 0.917754625684
2.438 0.929776485888
2.439 0.940880768954
2.44 0.951056516295
2.441 0.960293685677
2.442 0.968583161129
2.443 0.975916761939
2.444 0.982287250729
2.445 0.987688340595
2.446 0.992114701314
2.447 0.995561964603
2.448 0.998026728428
2.449 0.999506560366
2.45 1.0
2.451 0.999506560366
2.452 0.998026728428
2.453 0.995561964603
2.454 0.992114701314
2.455 0.987688340595
2.456 0.982287250729
2.457 0.975916761939
2.458 0.968583161129
2.459 0.960293685677
2.46 0.951056516295
2.461 0.940880768954
2.462 0.929776485888
2.463 0.917754625684
2.464 0.904827052466
2.465 0.891006524188
2.466 0.876306680044
2.467 0.860742027004
2.468 0.844327925502
2.469 0.827080574275
2.47 0.809016994375
2.471 0.790155012376
2.472 0.770513242776
2.473 0.75011106963
2.474 0.728968627421
2.475 0.707106781187
2.476 0.684547105929
2.477 0.661311865324
2.478 0.637423989749
2.479 0.612907053653
2.48 0.587785252292
2.481 0.562083377852
2.482 0.535826794979
2.483 0.50904141575
2.484 0.481753674102
2.485 0.45399049974
2.486 0.425779291565
2.487 0.397147890635
2.488 0.368124552685
2.489 0.338737920245
2.49 0.309016994375
2.491 0.278991106039
2.492 0.248689887165
2.493 0.218143241397
2.494 0.187381314586
2.495 0.15643446504
2.496 0.125333233564
2.497 0.0941083133185
2.498 0.0627905195293
2.499 0.0314107590781
2.5 -4.91096680932e-16
2.501 -0.0314107590781
2.502 -0.0627905195293
2.503 -0.0941083133185
2.504 -0.125333233564
2.505 -0.15643446504
2.506 -0.187381314586
2.507 -0.218143241397
2.508 -0.248689887165
2.509 -0.278991106039
2.51 -0.309016994375
2.511 -0.338737920245
2.512 -0.368124552685
2.513 -0.397147890635
2.514 -0.425779291565
2.515 -0.45399049974
2.516 -0.481753674102
2.517 -0.50904141575
2.518 -0.535826794979
2.519 -0.562083377852
2.52 -0.587785252292
2.521 -0.612907053653
2.522 -0.637423989749
2.523 -0.661311865324
2.524 -0.684547105929
2.525 -0.707106781187
2.526 -0.728968627421
2.527 -0.75011106963
2.528 -0.770513242776
2.529 -0.790155012376
2.53 -0.809016994375
2.531 -0.827080574275
2.532 -0.844327925502
2.533 -0.860742027004
2.534 -0.876306680044
2.535 -0.891006524188
2.536 -0.904827052466
2.537 -0.917754625684
2.538 -0.929776485888
2.539 -0.940880768954
2.54 -0.951056516295
2.541 -0.960293685677
2.542 -0.968583161129
2.543 -0.975916761939
2.544 -0.982287250729
2.545 -0.987688340595
2.546 -0.992114701314
2.547 -0.995561964603
2.548 -0.998026728428
2.549 -0.999506560366
2.55 -1.0
2.551 -0.999506560366
2.552 -0.998026728428
2.553 -0.995561964603
2.554 -0.992114701314
2.555 -0.987688340595
2.556 -0.982287250729
2.557 -0.975916761939
2.558 -0.968583161129
2.559 -0.960293685677
2.56 -0.951056516295
2.561 -0.940880768954
2.562 -0.929776485888
2.563 -0.917754625684
2.564 -0.904827052466
2.565 -0.891006524188
2.566 -0.876306680044
2.567 -0.860742027004
2.568 -0.844327925502
2.569 -0.827080574275
2.57 -0.809016994375
2.571 -0.790155012376
2.572 -0.770513242776
2.573 -0.75011106963
2.574 -0.728968627421
2.575 -0.707106781187
2.576 -0.684547105929
2.577 -0.661311865324
2.578 -0.637423989749
2.579 -0.612907053653
2.58 -0.587785252292
2.581 -0.562083377852
2.582 -0.535826794979
2.583 -0.50904141575
2.584 -0.481753674102
2.585 -0.45399049974
2.586 -0.425779291565
2.587 -0.397147890635
2.588 -0.368124552685
2.589 -0.338737920245
2.59 -0.309016994375
2.591 -0.278991106039
2.592 -0.248689887165
2.593 -0.218143241397
2.594 -0.187381314586
2.595 -0.15643446504
2.596 -0.125333233564
2.597 -0.0941083133185
2.598 -0.0627905195293
2.599 -0.0314107590781
2.6 3.92134567982e-15
2.601 0.0314107590781
2.602 0.0627905195293
2.603 0.0941083133185
2.604 0.125333233564
2.605 0.15643446504
2.606 0.187381314586
2.607 0.218143241397
2.608 0.248689887165
2.609 0.278991106039
2.61 0.309016994375
2.611 0.338737920245
2.612 0.368124552685
2.613 0.397147890635
2.614 0.425779291565
2.615 0.45399049974
2.616 0.481753674102
2.617 0.50904141575
2.618 0.535826794979
2.619 0.562083377852
2.62 0.587785252292
2.621 0.612907053653
2.622 0.637423989749
2.623 0.661311865324
2.624 0.684547105929
2.625 0.707106781187
2.626 0.728968627421
2.627 0.75011106963
2.628 0.770513242776
2.629 0.790155012376
2.63 0.809016994375
2.631 0.827080574275
2.632 0.844327925502
2.633 0.860742027004
2.634 0.876306680044
2.635 0.891006524188
2.636 0.904827052466
2.637 0.917754625684
2.638 0.929776485888
2.639 0.940880768954
2.64 0.951056516295
2.641 0.960293685677
2.642 0.968583161129
2.643 0.975916761939
2.644 0.982287250729
2.645 0.987688340595
2.646 0.992114701314
2.647 0.995561964603
2.648 0.998026728428
2.649 0.999506560366
2.65 1.0
2.651 0.999506560366
2.652 0.998026728428
2.653 0.995561964603
2.654 0.992114701314
2.655 0.987688340595
2.656 0.982287250729
2.657 0.975916761939
2.658 0.968583161129
2.659 0.960293685677
2.66 0.951056516295
2.661 0.940880768954
2.662 0.929776485888
2.663 0.917754625684
2.664 0.904827052466
2.665 0.891006524188
2.666 0.876306680044
2.667 0.860742027004
2.668 0.844327925502
2.669 0.827080574275
2.67 0.809016994375
2.671 0.790155012376
2.672 0.770513242776
2.673 0.75011106963
2.674 0.728968627421
2.675 0.707106781187
2.676 0.684547105929
2.677 0.661311865324
2.678 0.637423989749
2.679 0.612907053653
2.68 0.587785252292
2.681 0.562083377852
2.682 0.535826794979
2.683 0.50904141575
2.684 0.481753674102
2.685 0.45399049974
2.686 0.425779291565
2.687 0.397147890635
2.688 0.368124552685
2.689 0.338737920245
2.69 0.309016994375
2.691 0.278991106039
2.692 0.248689887165
2.693 0.218143241397
2.694 0.187381314586
2.695 0.15643446504
2.696 0.125333233564
2.697 0.0941083133185
2.698 0.0627905195293
2.699 0.0314107590781
2.7 -7.3515946787e-15
2.701 -0.0314107590781
2.702 -0.0627905195293
2.703 -0.0941083133185
2.704 -0.125333233564
2.705 -0.15643446504
2.706 -0.187381314586
2.707 -0.218143241397
2.708 -0.248689887165
2.709 -0.278991106039
2.71 -0.309016994375
2.711 -0.338737920245
2.712 -0.368124552685
2.713 -0.397147890635
2.714 -0.425779291565
2.715 -0.45399049974
2.716 -0.481753674102
2.717 -0.50904141575
2.718 -0.535826794979
2.719 -0.562083377852
2.72 -0.587785252292
2.721 -0.612907053653
2.722 -0.637423989749
2.723 -0.661311865324
2.724 -0.684547105929
2.725 -0.707106781187
2.726 -0.728968627421
2.727 -0.75011106963
2.728 -0.770513242776
2.729 -0.790155012376
2.73 -0.809016994375
2.731 -0.827080574275
2.732 -0.844327925502
2.733 -0.860742027004
2.734 -0.876306680044
2.735 -0.891006524188
2.736 -0.904827052466
2.737 -0.917754625684
2.738 -0.929776485888
2.739 -0.940880768954
2.74 -0.951056516295
2.741 -0.960293685677
2.742 -0.968583161129
2.743 -0.975916761939
2.744 -0.982287250729
2.745 -0.987688340595
2.746 -0.992114701314
2.747 -0.995561964603
2.748 -0.998026728428
2.749 -0.999506560366
2.75 -1.0
2.751 -0.999506560366
2.752 -0.998026728428
2.753 -0.995561964603
2.754 -0.992114701314
2.755 -0.987688340595
2.756 -0.982287250729
2.757 -0.975916761939
2.758 -0.968583161129
2.759 -0.960293685677
2.76 -0.951056516295
2.761 -0.940880768954
2.762 -0.929776485888
2.763 -0.917754625684
2.764 -0.904827052466
2.765 -0.891006524188
2.766 -0.876306680044
2.767 -0.860742027004
2.768 -0.844327925502
2.769 -0.827080574275
2.77 -0.809016994375
2.771 -0.790155012376
2.772 -0.770513242776
2.773 -0.75011106963
2.774 -0.728968627421
2.775 -0.707106781187
2.776 -0.684547105929
2.777 -0.661311865324
2.778 -0.637423989749
2.779 -0.612907053653
2.78 -0.587785252292
2.781 -0.562083377852
2.782 -0.535826794979
2.783 -0.50904141575
2.784 -0.481753674102
2.785 -0.45399049974
2.786 -0.425779291565
2.787 -0.397147890635
2.788 -0.368124552685
2.789 -0.338737920245
2.79 -0.309016994375
2.791 -0.278991106039
2.792 -0.248689887165
2.793 -0.218143241397
2.794 -0.187381314586
2.795 -0.15643446504
2.796 -0.125333233564
2.797 -0.0941083133185
2.798 -0.0627905195293
2.799 -0.0314107590781
2.8 1.07818436776e-14
2.801 0.0314107590781
2.802 0.0627905195293
2.803 0.0941083133185
2.804 0.125333233564
2.805 0.15643446504
2.806 0.187381314586
2.807 0.218143241397
2.808 0.248689887165
2.809 0.278991106039
2.81 0.309016994375
2.811 0.338737920245
2.812 0.368124552685
2.813 0.397147890635
2.814 0.425779291565
2.815 0.45399049974
2.816 0.481753674102
2.817 0.50904141575
2.818 0.535826794979
2.819 0.562083377852
2.82 0.587785252292
2.821 0.612907053653
2.822 0.637423989749
2.823 0.661311865324
2.824 0.684547105929
2.825 0.707106781187
2.826 0.728968627421
2.827 0.75011106963
2.828 0.770513242776
2.829 0.790155012376
2.83 0.809016994375
2.831 0.827080574275
2.832 0.844327925502
2.833 0.860742027004
2.834 0.876306680044
2.835 0.891006524188
2.836 0.904827052466
2.837 0.917754625684
2.838 0.929776485888
2.839 0.940880768954
2.84 0.951056516295
2.841 0.960293685677
2.842 0.968583161129
2.843 0.975916761939
2.844 0.982287250729
2.845 0.987688340595
2.846 0.992114701314
2.847 0.995561964603
2.848 0.998026728428
2.849 0.999506560366
2.85 1.0
2.851 0.999506560366
2.852 0.998026728428
2.853 0.995561964603
2.854 0.992114701314
2.855 0.987688340595
2.856 0.982287250729
2.857 0.975916761939
2.858 0.968583161129
2.859 0.960293685677
2.86 0.951056516295
2.861 0.940880768954
2.862 0.929776485888
2.863 0.917754625684
2.864 0.904827052466
2.865 0.891006524188
2.866 0.876306680044
2.867 0.860742027004
2.868 0.844327925502
2.869 0.827080574275
2.87 0.809016994375
2.871 0.790155012376
2.872 0.770513242776
2.873 0.75011106963
2.874 0.728968627421
2.875 0.707106781187
2.876 0.684547105929
2.877 0.661311865324
2.878 0.637423989749
2.879 0.612907053653
2.88 0.587785252292
2.881 0.562083377852
2.882 0.535826794979
2.883 0.50904141575
2.884 0.481753674102
2.885 0.45399049974
2.886 0.425779291565
2.887 0.397147890635
2.888 0.368124552685
2.889 0.338737920245
2.89 0.309016994375
2.891 0.278991106039
2.892 0.248689887165
2.893 0.218143241397
2.894 0.187381314586
2.895 0.15643446504
2.896 0.125333233564
2.897 0.0941083133185
2.898 0.0627905195293
2.899 0.0314107590781
2.9 -1.23796127318e-18
2.901 -0.0314107590781
2.902 -0.0627905195293
2.903 -0.0941083133185
2.904 -0.125333233564
2.905 -0.15643446504
2.906 -0.187381314586
2.907 -0.218143241397
2.908 -0.248689887165
2.909 -0.278991106039
2.91 -0.309016994375
2.911 -0.338737920245
2.912 -0.368124552685
2.913 -0.397147890635
2.914 -0.425779291565
2.915 -0.45399049974
2.916 -0.481753674102
2.917 -0.50904141575
2.918 -0.535826794979
2.919 -0.562083377852
2.92 -0.587785252292
2.921 -0.612907053653
2.922 -0.637423989749
2.923 -0.661311865324
2.924 -0.684547105929
2.925 -0.707106781187
2.926 -0.728968627421
2.927 -0.75011106963
2.928 -0.770513242776
2.929 -0.790155012376
2.93 -0.809016994375
2.931 -0.827080574275
2.932 -0.844327925502
2.933 -0.860742027004
2.934 -0.876306680044
2.935 -0.891006524188
2.936 -0.904827052466
2.937 -0.917754625684
2.938 -0.929776485888
2.939 -0.940880768954
2.94 -0.951056516295
2.941 -0.960293685677
2.942 -0.968583161129
2.943 -0.975916761939
2.944 -0.982287250729
2.945 -0.987688340595
2.946 -0.992114701314
2.947 -0.995561964603
2.948 -0.998026728428
2.949 -0.999506560366
2.95 -1.0
2.951 -0.999506560366
2.952 -0.998026728428
2.953 -0.995561964603
2.954 -0.992114701314
2.955 -0.987688340595
2.956 -0.982287250729
2.957 -0.975916761939
2.958 -0.968583161129
2.959 -0.960293685677
2.96 -0.951056516295
2.961 -0.940880768954
2.962 -0.929776485888
2.963 -0.917754625684
2.964 -0.904827052466
2.965 -0.891006524188
2.966 -0.876306680044
2.967 -0.860742027004
2.968 -0.844327925502
2.969 -0.827080574275
2.97 -0.809016994375
2.971 -0.790155012376
2.972 -0.770513242776
2.973 -0.75011106963
2.974 -0.728968627421
2.975 -0.707106781187
2.976 -0.684547105929
2.977 -0.661311865324
2.978 -0.637423989749
2.979 -0.612907053653
2.98 -0.587785252292
2.981 -0.562083377852
2.982 -0.535826794979
2.983 -0.50904141575
2.984 -0.481753674102
2.985 -0.45399049974
2.986 -0.425779291565
2.987 -0.397147890635
2.988 -0.368124552685
2.989 -0.338737920245
2.99 -0.309016994375
2.991 -0.278991106039
2.992 -0.248689887165
2.993 -0.218143241397
2.994 -0.187381314586
2.995 -0.15643446504
2.996 -0.125333233564
2.997 -0.0941083133185
2.998 -0.0627905195293
2.999 -0.0314107590781
