0.0 0.236148074526
0.001 0.398138926771
0.002 0.247719103681
0.003 -0.0504099792136
0.004 0.106658160571
0.005 -0.217542343447
0.006 -0.410183910165
0.007 0.126925580088
0.008 0.428041163182
0.009 0.271263699247
0.01 0.0130657758725
0.011 -0.120583126814
0.012 -0.439262336689
0.013 0.159163860216
0.014 0.302501018324
0.015 0.135748780584
0.016 -0.415679770613
0.017 0.413277541393
0.018 0.44341217754
0.019 0.00437728492993
0.02 0.288046379742
0.021 0.336184605001
0.022 0.394315948019
0.023 0.123902540883
0.024 0.434871261265
0.025 0.258019568383
0.026 0.247628538322
0.027 -0.284359618358
0.028 0.0963351853422
0.029 0.462987671032
0.03 0.475096399994
0.031 -0.223394859122
0.032 -0.304595778974
0.033 0.374982501915
0.034 -0.0743647344268
0.035 0.23674758902
0.036 -0.415153534119
0.037 -0.38677924475
0.038 0.129688972081
0.039 -0.0539252497692
0.04 0.228902991951
0.041 -0.435358627517
0.042 -0.0366695476123
0.043 -0.412182639828
0.044 -0.401160204633
0.045 0.494324683316
0.046 0.382575791982
0.047 -0.339850460385
0.048 0.427695745568
0.049 0.453698118147
0.05 0.441145365161
0.051 0.126140681232
0.052 -0.256195383834
0.053 0.243172452618
0.054 0.226332483105
0.055 -0.483455113203
0.056 0.232824193006
0.057 0.37448080114
0.058 0.346768101727
0.059 0.29639344978
0.06 0.173596616819
0.061 0.306707238856
0.062 0.141659577529
0.063 -0.339670803096
0.064 -0.036507341432
0.065 0.47637574246
0.066 -0.396928888004
0.067 -0.356682733501
0.068 -0.247469728469
0.069 -0.231816044187
0.07 -0.196894750433
0.071 0.405157486487
0.072 0.320246037415
0.073 0.445625984295
0.074 0.24640933444
0.075 0.198598191721
0.076 0.328545878981
0.077 -0.0163325302199
0.078 0.120449999271
0.079 0.196798456093
0.08 0.400358914173
0.081 0.0638049458481
0.082 -0.132125621519
0.083 0.363645140384
0.084 0.0508733468496
0.085 -0.0765249688922
0.086 -0.300791538977
0.087 -0.189126713768
0.088 0.129103746087
0.089 0.32786499576
0.09 0.115943095454
0.091 -0.432980776054
0.092 0.0232942135164
0.093 0.029035476724
0.094 -0.296836353826
0.095 -0.290544780844
0.096 0.383969488324
0.097 0.417333048853
0.098 -0.205706785937
0.099 -0.153795410576
0.1 0.322522236967
0.101 0.195967672546
0.102 -0.468285567363
0.103 0.118082895097
0.104 -0.498889201376
0.105 -0.0361356146879
0.106 -0.349520115426
0.107 -0.16946908358
0.108 -0.299556846929
0.109 -0.128648593749
0.11 -0.449516378208
0.111 -0.0985024172871
0.112 0.131611249166
0.113 -0.0247391863886
0.114 -0.07904978175
0.115 0.0766737576943
0.116 0.49856261039
0.117 -0.12628394145
0.118 0.25383730008
0.119 0.048457969244
0.12 0.460359101553
0.121 0.478305075829
0.122 -0.348330687616
0.123 0.245705362003
0.124 -0.353485769584
0.125 0.154931728529
0.126 0.302736293743
0.127 -0.484623863547
0.128 -0.47428232748
0.129 -0.434832414883
0.13 0.0788695185437
0.131 -0.102070493551
0.132 -0.0763074167997
0.133 -0.349386152274
0.134 -0.300038254101
0.135 -0.0789511631844
0.136 -0.470346263122
0.137 -0.231501892215
0.138 0.272301278933
0.139 0.237496970024
0.14 -0.202008936795
0.141 -0.262831366554
0.142 -0.282379311195
0.143 0.0893651025687
0.144 0.105897392173
0.145 0.460525365393
0.146 0.0991050948666
0.147 0.0740015404049
0.148 0.351493453208
0.149 0.157058568702
0.15 0.220795937538
0.151 0.351242443979
0.152 0.0897684189619
0.153 0.0866398999048
0.154 0.47355442984
0.155 -0.184665094816
0.156 0.120138161519
0.157 -0.207362336512
0.158 0.420196725879
0.159 -0.297757449442
0.16 -0.0402755186464
0.161 -0.111604041613
0.162 -0.0245063508699
0.163 0.205379384641
0.164 -0.265481320613
0.165 0.207852371487
0.166 -0.00496802042965
0.167 0.286894649047
0.168 -0.183156930607
0.169 0.139898806609
0.17 -0.241155357754
0.171 -0.459279193197
0.172 0.499648075906
0.173 0.287269532207
0.174 -0.390346340768
0.175 0.133781720683
0.176 0.399800948729
0.177 -0.1274487622
0.178 0.229621024331
0.179 -0.0439549902894
0.18 -0.391420141047
0.181 -0.406787772412
0.182 0.266176378076
0.183 0.423037569996
0.184 0.479519587482
0.185 0.0395075660502
0.186 -0.298277247644
0.187 -0.322098831349
0.188 -0.473469790031
0.189 -0.429795210636
0.19 0.00847720867717
0.191 0.384888878691
0.192 0.349030454831
0.193 -0.272837846629
0.194 -0.297140608964
0.195 -0.272351986847
0.196 0.0405909948695
0.197 -0.0236567837396
0.198 0.179297970566
0.199 -0.0666952590436
0.2 0.0129331875083
0.201 -0.223272216648
0.202 -0.00803727171431
0.203 0.386286177823
0.204 0.119602862772
0.205 0.0196816125895
0.206 -0.380322879046
0.207 0.0465379889452
0.208 0.281228630722
0.209 0.46576450531
0.21 -0.304338377057
0.211 0.431547058555
0.212 -0.377038546693
0.213 0.0327313437096
0.214 0.260759360091
0.215 -0.426039911295
0.216 0.0674725894995
0.217 0.493612494784
0.218 0.431247512452
0.219 0.447506280279
0.22 0.098838406467
0.221 0.496804166684
0.222 -0.0797765116531
0.223 0.330810111284
0.224 -0.315680676137
0.225 0.260516961468
0.226 -0.347338382943
0.227 0.0700143029214
0.228 -0.24071550195
0.229 0.352029520376
0.23 -0.23130143357
0.231 -0.020721708038
0.232 -0.122146694645
0.233 0.0229250278908
0.234 -0.323283398981
0.235 -0.01264177475
0.236 0.143049049015
0.237 -0.410342529822
0.238 0.150053720657
0.239 -0.301161655453
0.24 0.213553723714
0.241 0.203921832773
0.242 -0.246514502661
0.243 -0.0642546045139
0.244 0.26062661764
0.245 -0.073160844768
0.246 0.100798759785
0.247 0.404264253435
0.248 0.0281634385687
0.249 -0.335966149541
0.25 -0.305610980152
0.251 -0.109384234998
0.252 0.493061025286
0.253 0.156999974509
0.254 0.265919603814
0.255 0.059056057393
0.256 0.460536383762
0.257 0.206557123651
0.258 0.493204851654
0.259 -0.0396141929562
0.26 -0.0342826859852
0.261 -0.390430885696
0.262 0.34054584858
0.263 0.0092868227711
0.264 0.274799667137
0.265 0.0304062849496
0.266 0.188776843406
0.267 0.233674551082
0.268 -0.269678987671
0.269 -0.187506474077
0.27 -0.428061635188
0.271 0.414239824716
0.272 -0.486722003374
0.273 -0.386083028709
0.274 -0.495844093899
0.275 0.356140173244
0.276 0.388764953623
0.277 0.202920940209
0.278 -0.441983649253
0.279 0.326074976437
0.28 0.469019770318
0.281 0.116157945267
0.282 -0.329802449966
0.283 0.168409187552
0.284 0.20518102288
0.285 -0.30953006616
0.286 0.1160945106
0.287 0.392760615204
0.288 0.435126057315
0.289 0.249161902722
0.29 -0.255039577191
0.291 0.194173188715
0.292 -0.467481623654
0.293 0.432766229141
0.294 0.0547052248753
0.295 -0.119789661401
0.296 -0.162874285114
0.297 0.344753855766
0.298 0.32344122009
0.299 -0.207198859132
0.3 -0.0206263391762
0.301 -0.353582806884
0.302 -0.0908772564498
0.303 -0.483103532947
0.304 -0.123574694752
0.305 0.480587685246
0.306 -0.400977418632
0.307 -0.351601195506
0.308 -0.073681438198
0.309 -0.0206164317232
0.31 0.0813170829816
0.311 -0.280548257132
0.312 0.159011449068
0.313 -0.179455167436
0.314 0.394503428181
0.315 0.343828050171
0.316 0.183107866087
0.317 -0.14217031353
0.318 0.289793521255
0.319 -0.11344379235
0.32 -0.492601089847
0.321 0.217205567458
0.322 -0.173766035986
0.323 -0.11373545837
0.324 -0.0507566396985
0.325 0.403796061031
0.326 0.474453258343
0.327 0.204208718996
0.328 -0.415028707273
0.329 -0.486502677561
0.33 -0.397648304865
0.331 0.217812816546
0.332 -0.355069273281
0.333 -0.328364402458
0.334 -0.0639324091765
0.335 0.318915698078
0.336 -0.190564901912
0.337 0.179655611604
0.338 -0.10848242429
0.339 0.0322338046245
0.34 -0.0754451193256
0.341 -0.452344784711
0.342 0.29886592274
0.343 -0.317527272429
0.344 -0.0520901164313
0.345 -0.21089324447
0.346 -0.300285238707
0.347 -0.188764221896
0.348 0.406284310941
0.349 0.408951449309
0.35 -0.245461114219
0.351 0.479675763298
0.352 -0.079397196745
0.353 0.402041095867
0.354 0.0325521549855
0.355 0.415736997284
0.356 -0.258753829881
0.357 0.442027745161
0.358 -0.119181202928
0.359 -0.241512913241
0.36 0.47872320647
0.361 -0.191249392054
0.362 0.0531759049898
0.363 0.00101624037291
0.364 -0.16558692825
0.365 0.294982500703
0.366 -0.134641325294
0.367 0.298673980746
0.368 0.370431804699
0.369 -0.349160473919
0.37 0.10780867511
0.371 0.00308922505544
0.372 -0.138355559019
0.373 -0.345006783298
0.374 0.377919114075
0.375 -0.085988999967
0.376 0.152110126504
0.377 -0.468212068745
0.378 -0.433252094431
0.379 0.32121322233
0.38 0.484732299619
0.381 0.207765457132
0.382 0.49545489081
0.383 -0.349151859139
0.384 -0.497778388736
0.385 0.189525009796
0.386 0.319543654268
0.387 0.296228867758
0.388 -0.282494504604
0.389 -0.335657061272
0.39 -0.495343495169
0.391 -0.244313305548
0.392 -0.489759040308
0.393 -0.217555162554
0.394 -0.234164477462
0.395 0.278480873043
0.396 0.200474923456
0.397 -0.449535101061
0.398 0.455271553277
0.399 -0.35625767316
0.4 -0.076982668999
0.401 0.349172042178
0.402 0.0942093912724
0.403 0.231472231817
0.404 0.40124361624
0.405 0.346030181404
0.406 -0.30296387605
0.407 -0.239373205115
0.408 0.161638518022
0.409 0.276700537283
0.41 -0.00206779684288
0.411 0.138917416991
0.412 -0.118703355413
0.413 0.420262747251
0.414 -0.0855157664645
0.415 0.417265634428
0.416 0.465823715696
0.417 0.229465898996
0.418 0.258983549992
0.419 0.281210428243
0.42 0.048931566621
0.421 -0.18897828022
0.422 -0.386931467054
0.423 0.403473823441
0.424 -0.432004804461
0.425 -0.0414031900286
0.426 -0.376316384774
0.427 -0.0792041415238
0.428 0.367627863039
0.429 -0.123309509232
0.43 0.231463656424
0.431 -0.00497809229017
0.432 0.106213221952
0.433 -0.308398442294
0.434 -0.266915781311
0.435 0.425332269246
0.436 -0.136586300055
0.437 -0.306978700697
0.438 -0.254071239357
0.439 -0.443367919332
0.44 0.051226224787
0.441 0.361058468205
0.442 -0.0553601844015
0.443 -0.405557329957
0.444 -0.102680295535
0.445 -0.125283764759
0.446 0.148694092928
0.447 -0.399269381004
0.448 0.406265428954
0.449 0.181147287675
0.45 0.0767456420234
0.451 -0.294119232843
0.452 0.299378267549
0.453 0.372246127748
0.454 -0.437490099511
0.455 -0.0955158398886
0.456 0.0724371042759
0.457 -0.327199445906
0.458 -0.233236868747
0.459 0.336218727
0.46 0.2596447804
0.461 0.182742457024
0.462 0.446172649974
0.463 0.381670109111
0.464 0.454070730066
0.465 -0.0661625723685
0.466 -0.340585780353
0.467 -0.35101087743
0.468 0.0186588060289
0.469 -0.39716469851
0.47 0.23959906182
0.471 -0.23885324842
0.472 -0.154398424552
0.473 0.43548948596
0.474 -0.270129596687
0.475 -0.111564731345
0.476 0.480327116922
0.477 0.411230103636
0.478 -0.227879586119
0.479 0.0420323584488
0.48 0.0244292732888
0.481 -0.186284551195
0.482 -0.170585919665
0.483 -0.484850396082
0.484 -0.262457304862
0.485 -0.113018466369
0.486 0.285505678753
0.487 -0.135637640718
0.488 0.368112245696
0.489 0.202006730215
0.49 0.0552861711775
0.491 -0.0977971832658
0.492 0.115891745946
0.493 0.147440371399
0.494 0.479079481933
0.495 -0.45240602028
0.496 -0.292562164839
0.497 -0.00791940831146
0.498 -0.135703557136
0.499 -0.436133035315
0.5 0.0809137998712
0.501 -0.0687013486676
0.502 -0.399959972302
0.503 -0.471068826079
0.504 -0.0879211895389
0.505 -0.15146054008
0.506 0.112440797585
0.507 -0.033814348056
0.508 -0.248901356437
0.509 -0.0876236869954
0.51 -0.0409008617454
0.511 -0.187536964838
0.512 0.303268453778
0.513 0.183396049973
0.514 -0.400153592376
0.515 0.336067714917
0.516 0.121944802624
0.517 -0.238136036082
0.518 -0.391358947153
0.519 -0.235131311397
0.52 0.320718393927
0.521 -0.270200472808
0.522 0.0904667380356
0.523 0.164225320166
0.524 0.157723142594
0.525 -0.482549806917
0.526 -0.435823075959
0.527 0.487619903444
0.528 -0.477885651997
0.529 -0.146909106969
0.53 0.159130582393
0.531 -0.355662928364
0.532 0.041506933529
0.533 0.0111756340413
0.534 0.0502079689772
0.535 -0.232255713443
0.536 -0.102319955799
0.537 -0.0242997180309
0.538 0.00708881083447
0.539 0.219239340213
0.54 0.0147000602488
0.541 0.178151970184
0.542 0.350732622861
0.543 0.168703084856
0.544 0.494918820034
0.545 0.245853615098
0.546 -0.488230749819
0.547 0.484576830232
0.548 0.489973135297
0.549 0.43355688784
0.55 0.046469294222
0.551 0.0112816348165
0.552 -0.36228900145
0.553 -0.142519459148
0.554 0.274214694333
0.555 0.364731081104
0.556 -0.0295647835825
0.557 0.397620303843
0.558 -0.351787786625
0.559 0.273246281842
0.56 -0.23211490348
0.561 -0.218008303025
0.562 -0.276237338094
0.563 0.246584292177
0.564 -0.0559667304855
0.565 -0.061371874071
0.566 0.385653179064
0.567 -0.0492975478306
0.568 -0.216538014245
0.569 0.412753963719
0.57 -0.271587639961
0.571 -0.355623868903
0.572 0.152290337895
0.573 -0.0260553829355
0.574 -0.445876618703
0.575 0.0943390561571
0.576 0.331745048451
0.577 0.153849456481
0.578 -0.186961218486
0.579 0.460870608267
0.58 0.472212830487
0.581 -0.373780910698
0.582 -0.0536857645388
0.583 -0.311011800538
0.584 0.306476074187
0.585 -0.226807384508
0.586 0.165013397197
0.587 -0.149696170066
0.588 -0.287943221657
0.589 0.362263649428
0.59 0.278920371308
0.591 -0.367640860432
0.592 0.0313010441204
0.593 0.227896225914
0.594 0.0285087512491
0.595 -0.255860430102
0.596 0.186268569041
0.597 0.0676681833057
0.598 0.183253745136
0.599 -0.0923574584177
0.6 -0.282523350956
0.601 0.0190553607465
0.602 -0.196752004593
0.603 0.0381069994665
0.604 0.344697874037
0.605 -0.0422241445818
0.606 0.0944748908997
0.607 0.304071720544
0.608 0.200816963547
0.609 -0.0979351974501
0.61 -0.0585711292199
0.611 -0.0894999397001
0.612 0.418175228972
0.613 0.188912238039
0.614 0.0488639660888
0.615 0.270559819825
0.616 0.184602148247
0.617 0.234475596814
0.618 0.205414753799
0.619 -0.364778938583
0.62 0.303891899411
0.621 -0.311599576498
0.622 -0.211265081585
0.623 0.323807998491
0.624 -0.33027566603
0.625 -0.467202272965
0.626 0.00666772656771
0.627 -0.0353175023265
0.628 -0.449090740179
0.629 0.349534324087
0.63 -0.148163667081
0.631 -0.0640861650505
0.632 -0.492509658157
0.633 0.25291115112
0.634 0.196961358597
0.635 -0.254654365277
0.636 0.0407827943562
0.637 0.432424630716
0.638 0.409593253184
0.639 -0.433605658945
0.64 -0.069140183823
0.641 0.27275207749
0.642 0.319535784021
0.643 0.286563181478
0.644 -0.173100892515
0.645 0.155613199278
0.646 0.288637639859
0.647 -0.374876545381
0.648 -0.0142752294902
0.649 0.487412879612
0.65 -0.395954865597
0.651 -0.14909851179
0.652 -0.371649901132
0.653 0.0428872641863
0.654 -0.415360195656
0.655 -0.296897946644
0.656 0.39807626826
0.657 -0.469493710986
0.658 0.115897742476
0.659 -0.428112307726
0.66 0.198848402832
0.661 0.162499298889
0.662 -0.0419143874949
0.663 0.397568892138
0.664 -0.128654285294
0.665 0.283736886676
0.666 -0.171372840206
0.667 0.0216561828515
0.668 -0.076863963484
0.669 0.497895817223
0.67 0.467345298612
0.671 0.152947648751
0.672 -0.285132258973
0.673 0.0244473315635
0.674 -0.239126662802
0.675 0.295885950598
0.676 -0.406961431359
0.677 0.232993684241
0.678 0.337821216925
0.679 -0.131397710579
0.68 -0.311209161917
0.681 0.106307596549
0.682 -0.0768079999055
0.683 -0.438926908059
0.684 -0.335057683767
0.685 -0.434608838692
0.686 -0.1019849784
0.687 -0.0778015705394
0.688 0.462501784096
0.689 0.352545641703
0.69 -0.474917928579
0.691 0.427850159459
0.692 -0.310595337643
0.693 -0.487521185203
0.694 0.490868069951
0.695 0.413375614231
0.696 -0.299323853706
0.697 0.0799669162401
0.698 0.039378822759
0.699 -0.13002137843
0.7 0.320241023646
0.701 -0.409665955746
0.702 0.0570919826938
0.703 -0.491856871314
0.704 0.490726564264
0.705 0.200196524217
0.706 -0.440194850728
0.707 0.233298683018
0.708 -0.22172427575
0.709 0.268281734849
0.71 0.374792587877
0.711 -0.0605179266732
0.712 -0.334426867855
0.713 -0.0453633133731
0.714 0.232607171106
0.715 -0.0011629609488
0.716 0.218193730828
0.717 0.4890716137
0.718 0.196454313471
0.719 0.127615113783
0.72 0.249965185352
0.721 -0.21119309048
0.722 0.316365181934
0.723 0.497305845926
0.724 -0.170984325935
0.725 0.367720003901
0.726 0.36184731778
0.727 -0.422031350627
0.728 0.232811266216
0.729 0.045423938552
0.73 0.407506773947
0.731 -0.389915849143
0.732 -0.157962233395
0.733 0.00729607540407
0.734 -0.404535576427
0.735 -0.0198584839007
0.736 -0.34447824674
0.737 0.0917470177767
0.738 -0.238195365955
0.739 -0.0138303375936
0.74 -0.456777751765
0.741 -0.136668690534
0.742 0.253557772672
0.743 -0.299992419152
0.744 0.09383388055
0.745 -0.327800561382
0.746 0.396922431141
0.747 -0.219595249841
0.748 -0.397449315944
0.749 0.0172512568564
0.75 -0.014968955895
0.751 -0.4563426519
0.752 -0.091077099113
0.753 -0.256957190671
0.754 -0.320134334592
0.755 0.389446174096
0.756 -0.000182110378619
0.757 -0.442743893478
0.758 0.0699208712297
0.759 0.313890886059
0.76 0.280563115723
0.761 -0.132366872202
0.762 0.204935394256
0.763 0.294847523206
0.764 0.499841139878
0.765 0.137447235093
0.766 0.458463832178
0.767 -0.0158452236072
0.768 0.18028995739
0.769 0.219359574085
0.77 0.332138506402
0.771 0.18297911506
0.772 -0.478659237311
0.773 -0.17777857443
0.774 -0.448497427105
0.775 -0.482043833172
0.776 -0.466927959101
0.777 -0.416284379132
0.778 -0.0471707101483
0.779 0.113734585118
0.78 0.176340793663
0.781 -0.0517298155394
0.782 0.075100617237
0.783 0.104407185108
0.784 0.493734223016
0.785 -0.124434673515
0.786 0.142158971594
0.787 -0.427607476839
0.788 0.38616302624
0.789 0.163919457927
0.79 0.273919563711
0.791 -0.146514003951
0.792 -0.164155849499
0.793 -0.278598927547
0.794 0.486269870551
0.795 0.2673373007
0.796 -0.223817985078
0.797 -0.105389543894
0.798 -0.249486320946
0.799 0.13003916364
0.8 -0.476935438755
0.801 -0.419536502929
0.802 -0.355420563995
0.803 0.19406992054
0.804 0.426186392361
0.805 -0.153823212196
0.806 -0.369470306295
0.807 0.249935554896
0.808 0.26915931685
0.809 -0.489456179731
0.81 -0.309315671838
0.811 -0.441490698243
0.812 0.273936546595
0.813 0.0807171724495
0.814 -0.244627964345
0.815 -0.245963671055
0.816 0.287743818148
0.817 0.078027767023
0.818 0.343650704896
0.819 0.409287426729
0.82 0.371094075284
0.821 0.171894511253
0.822 -0.180253430942
0.823 0.157241229569
0.824 0.206501168578
0.825 -0.304664291573
0.826 0.26121303777
0.827 0.0661575114295
0.828 -0.0919794312803
0.829 -0.184143961626
0.83 0.302883987646
0.831 0.169394100149
0.832 0.438226869182
0.833 -0.0156654170649
0.834 -0.171520471682
0.835 -0.186313122511
0.836 0.00636432858195
0.837 0.434845772199
0.838 -0.473563700086
0.839 0.301822520727
0.84 0.216324742582
0.841 -0.170326659043
0.842 0.163777220821
0.843 0.210870721436
0.844 0.476520471033
0.845 0.00608386510041
0.846 0.319107238772
0.847 -0.119560183961
0.848 -0.420119978094
0.849 -0.0305138482177
0.85 -0.268719095792
0.851 -0.129992921792
0.852 0.0547514680856
0.853 -0.230692406636
0.854 0.178534490411
0.855 -0.380941570889
0.856 0.343304082299
0.857 0.191723670589
0.858 0.0715384616221
0.859 -0.339708626958
0.86 -0.147256941198
0.861 0.344382045173
0.862 -0.125093177561
0.863 0.403261682241
0.864 -0.486555827174
0.865 0.409145681485
0.866 -0.306600372189
0.867 -0.166189711354
0.868 0.45771061663
0.869 0.0727562284399
0.87 -0.377887990144
0.871 -0.114039524191
0.872 -0.138909263752
0.873 0.456706582946
0.874 -0.228113256414
0.875 0.212704699855
0.876 0.454239779301
0.877 0.185688771014
0.878 0.144062739496
0.879 -0.0173155790533
0.88 0.18779761742
0.881 -0.311671002192
0.882 -0.187681263428
0.883 -0.248195648572
0.884 -0.0530564037415
0.885 0.356974780797
0.886 0.463023046139
0.887 -0.123873649926
0.888 0.329649809459
0.889 -0.481156225465
0.89 0.400765466825
0.891 0.16361836991
0.892 0.400766263816
0.893 0.312632239053
0.894 -0.408358196023
0.895 0.0806055888014
0.896 -0.123964915561
0.897 -0.263392494712
0.898 -0.454149170557
0.899 0.418078234605
0.9 -0.287163468642
0.901 -0.317412181641
0.902 -0.0913561635262
0.903 -0.239627216561
0.904 0.468827091848
0.905 0.0544809025204
0.906 -0.393336386817
0.907 -0.408944968576
0.908 -0.17973389384
0.909 0.122336953853
0.91 -0.367594568319
0.911 -0.11288629993
0.912 0.205250813128
0.913 -0.0483678924643
0.914 -0.309158806071
0.915 -0.23761866488
0.916 0.280967861495
0.917 -0.322332861803
0.918 -0.41291944971
0.919 -0.285397067494
0.92 -0.0459756935576
0.921 -0.428753134682
0.922 0.187731871231
0.923 0.405973830663
0.924 0.0162696884194
0.925 -0.0459285092972
0.926 0.38633531556
0.927 0.0700465120948
0.928 -0.105215501233
0.929 -0.225073031839
0.93 0.450332940768
0.931 0.269653938074
0.932 0.398375726404
0.933 0.126450778104
0.934 0.0795266397659
0.935 0.120934621947
0.936 0.107842366677
0.937 -0.221330858205
0.938 -0.46493930633
0.939 0.119554662929
0.94 -0.439980849328
0.941 -0.471402117599
0.942 -0.468970076695
0.943 -0.171127059836
0.944 0.475183619483
0.945 -0.0984020228959
0.946 -0.164721656263
0.947 -0.412822748664
0.948 0.352421282389
0.949 0.222472413569
0.95 -0.0870004015695
0.951 0.441766517127
0.952 -0.0964127068485
0.953 -0.231535439623
0.954 0.362141133208
0.955 -0.38177247122
0.956 -0.0946413550797
0.957 0.00234411282997
0.958 -0.358917351511
0.959 -0.167929990718
0.96 -0.229789940567
0.961 0.227156746864
0.962 -0.0347166637448
0.963 -0.380395224831
0.964 -0.393511647267
0.965 -0.433998186188
0.966 0.16312891863
0.967 -0.387012107625
0.968 -0.461712144
0.969 0.298874435495
0.97 0.313840865275
0.971 -0.00345825865708
0.972 -0.34355078997
0.973 -0.423450120122
0.974 0.192698059458
0.975 -0.286614230835
0.976 -0.0280806983993
0.977 0.0153934270897
0.978 0.296363627055
0.979 -0.230865514564
0.98 -0.373065950542
0.981 0.340512217917
0.982 -0.350200373518
0.983 0.146832936013
0.984 0.0141208673249
0.985 0.258963048919
0.986 0.289184712838
0.987 0.312114065283
0.988 -0.0398240278774
0.989 -0.463370609214
0.99 0.434456345964
0.991 -0.119127895674
0.992 0.194583537315
0.993 0.220805524517
0.994 -0.167472639236
0.995 -0.384145178897
0.996 -0.379127613181
0.997 0.406318902423
0.998 0.154763760169
0.999 0.0210613931916
1.0 0.154113304375
1.001 -0.16908092018
1.002 -0.139487694758
1.003 0.232929478174
1.004 -0.0314070797152
1.005 0.285872960881
1.006 0.0876934012742
1.007 0.460336153362
1.008 -0.00240019458108
1.009 -0.484880582006
1.01 -0.46546975633
1.011 0.197315826805
1.012 -0.0381198586381
1.013 0.428193203256
1.014 -0.0845954349665
1.015 -0.210254987173
1.016 -0.339935230763
1.017 0.330817401007
1.018 -0.053197215602
1.019 0.0792059992408
1.02 -0.248157690747
1.021 0.47805051125
1.022 0.140680618259
1.023 -0.105365945479
1.024 0.0924199414593
1.025 0.0679213353685
1.026 -0.23828272136
1.027 0.315858409693
1.028 0.104124121012
1.029 0.0110876619391
1.03 -0.353371101239
1.031 -0.0799222115721
1.032 -0.342777576337
1.033 -0.202893824951
1.034 0.208344600202
1.035 -0.000787783788956
1.036 0.294873081701
1.037 0.0500593377394
1.038 0.191837012612
1.039 0.251852242555
1.04 0.450060676737
1.041 -0.287511421244
1.042 0.214091550511
1.043 -0.439708334225
1.044 -0.113824932849
1.045 0.20882667239
1.046 -0.454728147995
1.047 0.174425045211
1.048 0.268573716732
1.049 -0.110526459606
1.05 -0.00943280477545
1.051 0.338717913488
1.052 -0.0843177293228
1.053 0.417890211975
1.054 0.131824979772
1.055 0.182523250288
1.056 -0.00306287097198
1.057 0.267228750072
1.058 -0.383282793326
1.059 -0.365059191991
1.06 0.453987221541
1.061 0.356891946415
1.062 -0.0502652615561
1.063 0.354420558136
1.064 0.360829866252
1.065 -0.296086412481
1.066 -0.49666205779
1.067 -0.440272888873
1.068 -0.0865112488853
1.069 -0.240721671781
1.07 -0.37633206585
1.071 0.189451936568
1.072 -0.403584407376
1.073 -0.383207401123
1.074 -0.494244849126
1.075 -0.498663390411
1.076 0.461146512387
1.077 -0.315035940207
1.078 0.305799524841
1.079 -0.377703651152
1.08 -0.28551218127
1.081 -0.489220508723
1.082 -0.431963859237
1.083 0.158619554938
1.084 -0.383454424276
1.085 0.213596585561
1.086 0.254133883337
1.087 -0.338433061672
1.088 0.331554791084
1.089 0.250263969873
1.09 0.227900856633
1.091 -0.425373975129
1.092 -0.450351732929
1.093 -0.204838322521
1.094 -0.19558132894
1.095 -0.175091599365
1.096 0.430772999387
1.097 -0.155795276714
1.098 -0.258670614476
1.099 0.473836935199
1.1 -0.115889364622
1.101 -0.300321440404
1.102 0.214256163559
1.103 -0.376612198634
1.104 0.130298050102
1.105 -0.25455585805
1.106 -0.243141125166
1.107 -0.0336868444505
1.108 -0.418264811238
1.109 0.0419211794101
1.11 0.369223119792
1.111 -0.261927481616
1.112 0.083726820076
1.113 0.341998537121
1.114 -0.449689216221
1.115 -0.140806556413
1.116 -0.0893688278563
1.117 0.163443770266
1.118 0.497619001054
1.119 -0.475974877911
1.12 0.415196072468
1.121 0.202077280531
1.122 -0.408976611848
1.123 0.0874450110756
1.124 -0.191762317877
1.125 -0.170266269039
1.126 -0.202406762409
1.127 -0.387416172375
1.128 -0.172177088603
1.129 0.0810796299548
1.13 0.286160682965
1.131 0.273385821078
1.132 -0.381724912207
1.133 -0.218995710845
1.134 -0.415366236776
1.135 -0.101231245234
1.136 -0.484934538761
1.137 0.289917520021
1.138 -0.286272515104
1.139 0.359629711219
1.14 0.00230778621917
1.141 0.409770327075
1.142 0.300651922075
1.143 -0.444479696489
1.144 0.191714966211
1.145 -0.479781812696
1.146 -0.389398742989
1.147 -0.286898249734
1.148 0.147902958266
1.149 0.0487788663353
1.15 -0.383141779461
1.151 0.184991205772
1.152 0.490951319391
1.153 0.33577190615
1.154 0.0363476151478
1.155 -0.34118116494
1.156 -0.0414604436729
1.157 -0.46922059475
1.158 -0.117087213438
1.159 0.166446492003
1.16 0.0999730263812
1.161 0.321765865967
1.162 0.450608346786
1.163 -0.0810930798047
1.164 -0.292963852258
1.165 -0.397952425779
1.166 -0.355563952722
1.167 -0.0935316632706
1.168 0.127580074318
1.169 -0.392943893918
1.17 0.0176086271298
1.171 -0.380444185125
1.172 0.197585917056
1.173 0.30136379798
1.174 0.0262277713165
1.175 0.0087062826577
1.176 0.0274174316229
1.177 0.275139522467
1.178 -0.362839555078
1.179 -0.368100308629
1.18 0.410410851512
1.181 0.247562727253
1.182 0.149182849131
1.183 -0.328349417487
1.184 -0.350283087433
1.185 0.375497911809
1.186 0.251806328732
1.187 -0.288585928096
1.188 0.325257607511
1.189 -0.1528570821
1.19 0.0942701689493
1.191 -0.0296913663855
1.192 0.393033441938
1.193 -0.383923907857
1.194 -0.410542381924
1.195 0.00317006457917
1.196 0.324270122996
1.197 0.497188643326
1.198 0.12248417476
1.199 0.314856054626
1.2 -0.277417978131
1.201 0.0686983541408
1.202 0.0877020653266
1.203 -0.0980453475101
1.204 -0.355830221822
1.205 -0.0968364928477
1.206 0.0745491256879
1.207 0.0637332124713
1.208 0.240089141895
1.209 -0.411444281991
1.21 -0.386069667261
1.211 0.119575463928
1.212 -0.399961795297
1.213 -0.268367865797
1.214 0.388262704766
1.215 -0.341444862502
1.216 0.141677068824
1.217 0.180966462803
1.218 0.410366883319
1.219 0.161577849517
1.22 0.124096042047
1.221 0.218189668759
1.222 -0.0186742263911
1.223 0.153608909693
1.224 -0.283820977396
1.225 -0.304904343748
1.226 0.0569051857951
1.227 -0.499575360448
1.228 -0.433098479683
1.229 -0.325489893769
1.23 -0.106189589209
1.231 0.342780696393
1.232 0.023026999698
1.233 0.214925375072
1.234 -0.486093857653
1.235 0.00947464384185
1.236 0.119623006276
1.237 0.382340066342
1.238 0.178074829998
1.239 0.199305396808
1.24 -0.128280069586
1.241 0.010678403346
1.242 -0.484367017406
1.243 -0.224960594441
1.244 -0.0360130180464
1.245 0.423193685434
1.246 0.402874132022
1.247 0.203762122425
1.248 0.136201670821
1.249 -0.396232731686
1.25 0.428303973846
1.251 0.113637281826
1.252 0.147958262638
1.253 0.433707668224
1.254 0.462131675899
1.255 0.0268482547718
1.256 -0.252357746082
1.257 -0.0267005333506
1.258 0.280490304795
1.259 -0.242609208666
1.26 -0.30217165036
1.261 -0.194077319632
1.262 -0.382125451991
1.263 0.441359136301
1.264 0.249976510819
1.265 -0.166743698159
1.266 0.487391777804
1.267 0.488892841233
1.268 -0.345872129671
1.269 0.224020696467
1.27 0.426612176281
1.271 0.341887072805
1.272 0.173758635739
1.273 -0.134436225001
1.274 -0.0590968331974
1.275 0.0882198502938
1.276 -0.0838521422282
1.277 -0.216499403117
1.278 -0.399135442282
1.279 -0.348129971099
1.28 0.486324345874
1.281 0.195732338299
1.282 0.378952285584
1.283 -0.232919666377
1.284 -0.294676865242
1.285 -0.0370691766179
1.286 0.0287796213411
1.287 0.116316263664
1.288 -0.363096393328
1.289 0.0569430471935
1.29 -0.49840267673
1.291 0.393336915171
1.292 -0.128056978346
1.293 -0.0452963924491
1.294 -0.0512242680512
1.295 0.00662429214497
1.296 -0.0715128685702
1.297 -0.193616981191
1.298 -0.182277103616
1.299 -0.356934540426
1.3 0.243983763824
1.301 -0.0164581245655
1.302 0.1892831549
1.303 0.464841558811
1.304 0.332581627094
1.305 -0.214454646734
1.306 -0.418563051911
1.307 -0.457892720533
1.308 0.451751988217
1.309 0.278156201632
1.31 -0.00480441994832
1.311 0.118182026247
1.312 -0.231896424653
1.313 -0.0646110495999
1.314 -0.0557312142518
1.315 0.31567748005
1.316 -0.487860881488
1.317 0.0498822603588
1.318 -0.253569868918
1.319 0.154730583385
1.32 0.380346517981
1.321 -0.228574969903
1.322 -0.0649947337772
1.323 -0.0720810007094
1.324 0.361803462281
1.325 -0.451027244791
1.326 -0.19574100761
1.327 -0.367468044116
1.328 0.132377946253
1.329 -0.46875972345
1.33 0.41621397395
1.331 0.178809804608
1.332 -0.223583575751
1.333 0.330748233593
1.334 0.427453636908
1.335 0.270019069386
1.336 -0.327916780201
1.337 0.479960390168
1.338 0.294499854346
1.339 -0.3806297544
1.34 -0.0852205625153
1.341 0.0670271841983
1.342 -0.364264066936
1.343 0.406411678175
1.344 0.105342327247
1.345 0.260665168251
1.346 0.33341427264
1.347 0.0243690022661
1.348 -0.0814283603843
1.349 0.0871576866105
1.35 -0.474875706566
1.351 0.258838319472
1.352 0.208685892441
1.353 -0.422358361275
1.354 0.195890777138
1.355 -0.443900447792
1.356 0.0517146278335
1.357 -0.0814061144579
1.358 -0.0278762654508
1.359 -0.19152362382
1.36 0.140360620341
1.361 0.437638851764
1.362 0.261885026777
1.363 0.288163428754
1.364 -0.332520266955
1.365 0.405752669319
1.366 0.167507369674
1.367 0.0736339582099
1.368 0.142329127293
1.369 -0.0922430345686
1.37 -0.105331834571
1.371 0.435112300162
1.372 -0.172723085244
1.373 -0.437096959887
1.374 0.18197179504
1.375 -0.467310052111
1.376 0.480649254773
1.377 -0.190153793803
1.378 0.312911148954
1.379 0.195509072145
1.38 0.250871755503
1.381 -0.0343324156274
1.382 -0.276194096528
1.383 0.187275337456
1.384 -0.080166260171
1.385 0.168183719166
1.386 -0.160503025116
1.387 -0.490428096895
1.388 0.482697628375
1.389 0.341872702746
1.39 -0.0959012548058
1.391 -0.382597674689
1.392 -0.322194443812
1.393 0.45506481567
1.394 0.0845501771809
1.395 0.400107916498
1.396 -0.177954189212
1.397 0.309501515061
1.398 -0.340522054343
1.399 -0.0352731882801
1.4 -0.369761172328
1.401 -0.409591436552
1.402 -0.128279138815
1.403 -0.203917485744
1.404 -0.151259784012
1.405 -0.323511910801
1.406 0.375992597876
1.407 -0.10550689011
1.408 0.0600440660343
1.409 0.145675554804
1.41 -0.0181686977813
1.411 0.16548190993
1.412 -0.358143684566
1.413 -0.265409413147
1.414 -0.293649113931
1.415 0.480754156298
1.416 0.438885793221
1.417 -0.307104049582
1.418 -0.0659083137978
1.419 0.367747349335
1.42 -0.00815619031121
1.421 -0.428579373438
1.422 0.0634269733593
1.423 0.227535125765
1.424 0.461235421758
1.425 -0.36037619335
1.426 -0.45419074755
1.427 -0.204349056327
1.428 -0.277702235473
1.429 0.369471880999
1.43 0.0912364801618
1.431 0.169426648634
1.432 0.0808825625392
1.433 0.444874786161
1.434 0.243672380681
1.435 0.461441303812
1.436 0.297668849436
1.437 0.27389422516
1.438 -0.142769735242
1.439 0.444410161094
1.44 -0.0621138370639
1.441 0.433928117615
1.442 0.424993522757
1.443 -0.376700362098
1.444 -0.0227865506283
1.445 -0.276843363294
1.446 0.0071679367568
1.447 -0.31252840147
1.448 0.462408958725
1.449 0.206770021979
1.45 0.0135782166381
1.451 0.301527740775
1.452 -0.112938127057
1.453 0.159975197463
1.454 0.471164376284
1.455 -0.44284656003
1.456 -0.225564080139
1.457 -0.14823743094
1.458 0.233197560548
1.459 0.407666047524
1.46 0.0400444596236
1.461 0.309357336137
1.462 -0.203738017367
1.463 0.290275739208
1.464 -0.394285046043
1.465 -0.484443810929
1.466 0.366798427429
1.467 -0.200912251996
1.468 0.475168538998
1.469 0.0501579400016
1.47 0.180732622878
1.471 0.19532774598
1.472 -0.259066732957
1.473 0.016460424821
1.474 0.415495859337
1.475 0.285825456654
1.476 -0.221924332944
1.477 0.140271741736
1.478 0.0417882360279
1.479 -0.0356210021294
1.48 -0.12942614951
1.481 0.0428742979105
1.482 -0.415286186518
1.483 0.300526542319
1.484 -0.161771700295
1.485 0.0684138264899
1.486 0.362948625087
1.487 -0.3219379743
1.488 0.153605258912
1.489 0.00791286970521
1.49 -0.499261719981
1.491 -0.000386604264815
1.492 0.266478486717
1.493 -0.386967855438
1.494 0.0689584918735
1.495 -0.497136503405
1.496 -0.333490219645
1.497 -0.0374869356804
1.498 0.43224077292
1.499 -0.117857611958
1.5 -0.446226767478
1.501 0.0733023779077
1.502 -0.357784692289
1.503 -0.479969011301
1.504 -0.0242126601472
1.505 -0.108794714942
1.506 0.351895687246
1.507 -0.397440787575
1.508 0.373717304278
1.509 -0.109995874286
1.51 -0.164808908798
1.511 -0.211675225058
1.512 0.447424521182
1.513 0.337111623761
1.514 0.464070653714
1.515 0.368245999168
1.516 0.23805185909
1.517 0.475424793132
1.518 0.376252489696
1.519 -0.362810257598
1.52 0.177479454779
1.521 -0.188529735988
1.522 0.1261250106
1.523 0.17687112143
1.524 0.0221428497328
1.525 0.414830568903
1.526 0.362372975104
1.527 0.0688346449511
1.528 0.16756483913
1.529 -0.212335200427
1.53 -0.0164928265924
1.531 0.286029510746
1.532 -0.452741738904
1.533 0.464099350184
1.534 -0.336499789605
1.535 -0.168134327262
1.536 0.434996926555
1.537 -0.129413501962
1.538 -0.0149555503511
1.539 0.0321643055059
1.54 0.174890802951
1.541 0.106976420648
1.542 -0.015242133634
1.543 0.14177476056
1.544 0.476204950359
1.545 0.218169620743
1.546 0.110761215024
1.547 0.0643944560209
1.548 0.000128160569701
1.549 -0.262581226016
1.55 0.319240735552
1.551 -0.29414112487
1.552 0.339346015976
1.553 0.246025982555
1.554 0.230388220387
1.555 -0.0202888875494
1.556 -0.35936592938
1.557 -0.154114280734
1.558 0.223233280502
1.559 -0.26228166003
1.56 0.241070694028
1.561 -0.412749819421
1.562 0.464351204543
1.563 -0.405075961097
1.564 0.122355920819
1.565 -0.373115016048
1.566 0.274184261278
1.567 0.420256967508
1.568 -0.40737808039
1.569 0.0957535243608
1.57 -0.225247898575
1.571 0.25642316942
1.572 0.269715436373
1.573 0.162974823873
1.574 -0.0384775677521
1.575 0.289840678931
1.576 0.470641096512
1.577 -0.468406580736
1.578 0.00999725255908
1.579 0.372606193129
1.58 -0.324898675714
1.581 0.347787569468
1.582 -0.482670218564
1.583 -0.480257981517
1.584 -0.356443522507
1.585 -0.499130428778
1.586 -0.17764556515
1.587 0.0802544538041
1.588 0.395717641863
1.589 -0.0634743549737
1.59 -0.178930621404
1.591 0.0918443894805
1.592 -0.363016519606
1.593 0.222286046643
1.594 0.091975948172
1.595 -0.308183878659
1.596 -0.270768746669
1.597 -0.353618283247
1.598 -0.0186859710373
1.599 -0.479170482386
1.6 -0.246264146746
1.601 0.135382027726
1.602 -0.416469854136
1.603 0.18153349919
1.604 -0.263849049788
1.605 -0.0083371694243
1.606 -0.205865052034
1.607 0.340617436725
1.608 0.156312055709
1.609 0.15233086438
1.61 0.0970408722643
1.611 0.133057209663
1.612 -0.272253092596
1.613 -0.382133896199
1.614 0.21922096645
1.615 0.283397731606
1.616 0.252271240075
1.617 -0.486393126204
1.618 -0.364894972929
1.619 0.163636594198
1.62 0.404793798349
1.621 -0.463152871158
1.622 0.220582996636
1.623 -0.47243943601
1.624 0.441489353274
1.625 0.0192004120613
1.626 0.498973470178
1.627 -0.400028288234
1.628 0.305012257353
1.629 -0.240871039585
1.63 -0.264825449956
1.631 -0.301134000123
1.632 -0.343090797108
1.633 0.0971096150175
1.634 0.318942539371
1.635 -0.430311260471
1.636 -0.130170869414
1.637 0.21773930722
1.638 -0.176214443121
1.639 -0.373009627362
1.64 0.153787134512
1.641 0.208240478724
1.642 0.427040162268
1.643 -0.05381372167
1.644 -0.195646455288
1.645 -0.462095858144
1.646 0.168289461002
1.647 0.44132985568
1.648 0.321402374955
1.649 0.174457510283
1.65 0.472143609686
1.651 0.0702279768065
1.652 -0.38120632787
1.653 -0.0809726251888
1.654 0.416441560181
1.655 -0.322403775001
1.656 -0.36015964665
1.657 0.132362801414
1.658 0.355667699389
1.659 -0.125806659949
1.66 -0.0365447381097
1.661 -0.239053367991
1.662 -0.488103728276
1.663 -0.418031653962
1.664 -0.222642596475
1.665 0.234563963042
1.666 -0.0999841640191
1.667 0.447879774277
1.668 -0.217121589636
1.669 -0.152188050006
1.67 -0.115954515877
1.671 -0.174840877436
1.672 -0.0914961899334
1.673 -0.166942582297
1.674 -0.325245198681
1.675 0.0247941560027
1.676 -0.160321387862
1.677 -0.00800740695663
1.678 -0.357148137402
1.679 0.245008319234
1.68 -0.372500855091
1.681 0.0811460816562
1.682 0.079676418165
1.683 -0.26787070489
1.684 -0.482427871545
1.685 -0.285203966251
1.686 0.0207030297765
1.687 0.456417663202
1.688 0.271930365417
1.689 0.0812925642287
1.69 -0.0556642221357
1.691 0.0209631653406
1.692 0.230046330406
1.693 0.103633746397
1.694 0.379696837682
1.695 -0.180855349742
1.696 0.0434017316821
1.697 -0.333391597653
1.698 -0.243080142242
1.699 0.369542768494
1.7 -0.0783038283618
1.701 -0.194417631378
1.702 -0.194155796826
1.703 -0.379862764149
1.704 0.419747775867
1.705 0.366005745902
1.706 -0.472754548505
1.707 -0.401423245698
1.708 -0.318143429233
1.709 0.483842181103
1.71 -0.100426732317
1.711 -0.109016051686
1.712 -0.330574463622
1.713 -0.475449648131
1.714 -0.368646886048
1.715 0.181655933124
1.716 0.197870421108
1.717 0.0252840949845
1.718 0.399320475854
1.719 0.299734390182
1.72 0.0789204177402
1.721 0.453024508851
1.722 -0.143300298999
1.723 1.14392961004e-06
1.724 0.168044323441
1.725 0.362679879266
1.726 -0.0848532875251
1.727 -0.133315371701
1.728 0.45880872114
1.729 0.190944252317
1.73 0.00146413564818
1.731 0.0754542556827
1.732 0.203219765333
1.733 0.144090632392
1.734 -0.0197253394837
1.735 0.2040204122
1.736 0.16619090133
1.737 -0.217379273291
1.738 -0.316731237594
1.739 0.0930702609491
1.74 0.465712463722
1.741 0.486036761186
1.742 0.391906641559
1.743 0.406154548279
1.744 0.332495242155
1.745 -0.372582661427
1.746 -0.499569181951
1.747 0.442312548224
1.748 -0.388754095658
1.749 0.100973245076
1.75 0.0662107719018
1.751 -0.154352437084
1.752 0.197955792681
1.753 -0.0647015643225
1.754 0.195690578459
1.755 0.320244322241
1.756 0.167220062193
1.757 -0.468833539281
1.758 0.0267564147953
1.759 0.493052452698
1.76 -0.137861269556
1.761 -0.271338055491
1.762 0.206468841318
1.763 0.485835320193
1.764 -0.235585532253
1.765 -0.20435407725
1.766 0.146200046602
1.767 -0.462034343657
1.768 0.239498719635
1.769 0.293315438641
1.77 0.0548121479698
1.771 0.0738586080982
1.772 0.400387036935
1.773 0.314485454081
1.774 0.163877458875
1.775 0.208981886157
1.776 0.266049822432
1.777 -0.349144852385
1.778 0.0365924761697
1.779 0.451249663108
1.78 -0.30073700892
1.781 0.09254944597
1.782 0.153403391951
1.783 -0.437557621576
1.784 -0.270889884454
1.785 -0.00450602149433
1.786 0.433633871048
1.787 -0.00479910423511
1.788 0.0842644808473
1.789 0.337082625975
1.79 0.427201660357
1.791 0.404174795564
1.792 0.410678176605
1.793 0.415181634357
1.794 0.354323260865
1.795 0.156575293172
1.796 0.348237445583
1.797 0.0622391604288
1.798 0.436516611187
1.799 0.0506170423562
1.8 -0.452290895825
1.801 0.243771341902
1.802 0.343868244768
1.803 -0.467632885926
1.804 -0.361350472284
1.805 0.304302250277
1.806 -0.0574315944819
1.807 0.328543466251
1.808 0.202769440325
1.809 0.0665110371048
1.81 0.454951558779
1.811 -0.373354476681
1.812 -0.170006115154
1.813 0.149081013346
1.814 0.495193708385
1.815 -0.240729592652
1.816 -0.427422409895
1.817 -0.125420702962
1.818 0.336078075524
1.819 -0.135226249694
1.82 0.414041177201
1.821 -0.320967533926
1.822 -0.0707620489038
1.823 0.117032216043
1.824 0.151641564933
1.825 -0.0279867564491
1.826 0.282535629383
1.827 -0.405833147077
1.828 -0.0224009753562
1.829 -0.276965763027
1.83 -0.429550378583
1.831 0.116279965572
1.832 0.10204394041
1.833 -0.0657381600176
1.834 0.420485885279
1.835 -0.310124823087
1.836 0.160032831145
1.837 -0.0681873193367
1.838 0.27552882328
1.839 0.210957588834
1.84 -0.401572539264
1.841 0.436163870799
1.842 -0.324922561434
1.843 -0.213667494258
1.844 0.0942016826402
1.845 0.036389326849
1.846 0.495078236244
1.847 0.323691545769
1.848 0.412858362251
1.849 -0.0280408929099
1.85 0.436789878215
1.851 0.147554612275
1.852 -0.0102302290294
1.853 -0.0948906411381
1.854 0.311425140095
1.855 -0.460545771929
1.856 -0.488681213199
1.857 0.395046583803
1.858 -0.363745253246
1.859 -0.483111563392
1.86 0.130823967901
1.861 -0.369201172151
1.862 -0.238239310314
1.863 -0.426860504791
1.864 0.23070003431
1.865 -0.0635765546278
1.866 -0.050055323975
1.867 -0.0360477716106
1.868 0.327600818398
1.869 -0.404598014572
1.87 0.31263390125
1.871 -0.268648836391
1.872 -0.300055386087
1.873 -0.291543781378
1.874 -0.0581891750625
1.875 -0.254150704655
1.876 -0.248783049145
1.877 0.0306994816085
1.878 -0.440258402085
1.879 0.0112680520316
1.88 -0.367431814364
1.881 0.480464288029
1.882 -0.411508482566
1.883 -0.0596669076693
1.884 -0.382998770499
1.885 0.411771762663
1.886 -0.317125493698
1.887 0.0145369803761
1.888 -0.245088011071
1.889 0.456458816906
1.89 0.427177516566
1.891 0.142347673835
1.892 -0.108367610556
1.893 -0.0992068733797
1.894 0.454660381483
1.895 0.151920471354
1.896 0.0300667587912
1.897 0.0275420018463
1.898 0.389502951226
1.899 -0.233991736216
1.9 -0.399630492793
1.901 0.203141038258
1.902 0.368572395744
1.903 0.43543230467
1.904 -0.21435114142
1.905 0.112275221013
1.906 0.0437637046519
1.907 0.472689783198
1.908 -0.068176544349
1.909 0.352850625527
1.91 -0.433804436453
1.911 0.0555296087092
1.912 -0.199502340834
1.913 -0.192073517646
1.914 -0.142282761307
1.915 -0.345268591116
1.916 -0.387146625675
1.917 0.112213124406
1.918 -0.025352619066
1.919 -0.20029207911
1.92 -0.470766778012
1.921 0.222198511554
1.922 0.0650017883018
1.923 -0.27387768631
1.924 0.47895811048
1.925 0.297533878297
1.926 0.124671917509
1.927 -0.283157224719
1.928 0.295187209402
1.929 -0.165721193779
1.93 0.443284176817
1.931 0.100598443755
1.932 0.256008565906
1.933 -0.0472406276274
1.934 -0.118963622173
1.935 -0.260735437655
1.936 0.470324930924
1.937 0.302408611938
1.938 0.396254279262
1.939 0.155429204252
1.94 0.134388310717
1.941 0.46335433717
1.942 0.175126198748
1.943 0.0967673417879
1.944 0.287263215418
1.945 -0.296863472049
1.946 0.262052952255
1.947 0.179362419353
1.948 0.0407051156516
1.949 -0.344167837786
1.95 -0.208491222761
1.951 0.37617909501
1.952 0.072414912449
1.953 -0.477323131432
1.954 0.0338577991855
1.955 -0.0218414955331
1.956 0.260895118211
1.957 -0.332619856591
1.958 -0.146839739573
1.959 0.0411269172075
1.96 -0.338312465326
1.961 0.166439028377
1.962 -0.13033216827
1.963 -0.327297367541
1.964 -0.0182235884292
1.965 -0.100852261771
1.966 -0.438610985236
1.967 -0.144489678278
1.968 -0.355015772408
1.969 0.319280276206
1.97 0.265536052116
1.971 0.483284353781
1.972 -0.315829323588
1.973 -0.400327734782
1.974 -0.35708517651
1.975 -0.163783128211
1.976 0.227866361273
1.977 0.259452996472
1.978 -0.276367599526
1.979 -0.197958735291
1.98 0.322894471655
1.981 -0.440430896765
1.982 -0.445622714364
1.983 -0.0129023230382
1.984 0.486644653628
1.985 0.326917720466
1.986 -0.0635591772864
1.987 0.410263932508
1.988 -0.228933493068
1.989 -0.166978243723
1.99 0.197418550992
1.991 -0.0685118893872
1.992 0.25056674693
1.993 -0.285212255521
1.994 0.390565029799
1.995 0.202583430036
1.996 -0.313719779499
1.997 -0.120424133858
1.998 -0.376670220552
1.999 -0.103292727239
2.0 -0.148662760307
2.001 -0.178027454701
2.002 -0.387919132556
2.003 -0.294984666996
2.004 -0.200889038386
2.005 -0.0371142812578
2.006 -0.19961972208
2.007 0.144288862301
2.008 0.475414733028
2.009 -0.284660206251
2.01 0.168293877535
2.011 0.47737259573
2.012 0.338980429145
2.013 0.360820025352
2.014 0.106084201472
2.015 0.416869474893
2.016 -0.277253115874
2.017 0.247497663163
2.018 0.0294215893077
2.019 0.039158620119
2.02 -0.268006262459
2.021 -0.26557722884
2.022 0.196651867029
2.023 0.201230671688
2.024 -0.057223339561
2.025 0.315483094841
2.026 -0.0418650209234
2.027 0.0446900096275
2.028 -0.297658196659
2.029 0.491006910897
2.03 -0.0669544254611
2.031 0.424846451358
2.032 0.428024260928
2.033 -0.292984579413
2.034 0.1032748459
2.035 -0.185688236299
2.036 -0.360504491187
2.037 -0.241496909657
2.038 0.144921211447
2.039 0.0550837194992
2.04 0.0291336395285
2.041 0.167258212047
2.042 0.291084755595
2.043 -0.362187302125
2.044 -0.252299608793
2.045 -0.227944296701
2.046 0.290330857896
2.047 0.243742066563
2.048 0.172995034515
2.049 0.215730810894
2.05 0.377585785472
2.051 0.0299205379005
2.052 0.162026467119
2.053 -0.496392957956
2.054 -0.0420231669676
2.055 0.157770501743
2.056 0.487956356879
2.057 0.214622854981
2.058 -0.0294546593921
2.059 -0.0890135210958
2.06 -0.472809707189
2.061 -0.329385849443
2.062 0.29379086226
2.063 0.125834663226
2.064 0.224102644632
2.065 0.187058423872
2.066 0.405443232546
2.067 0.415725769956
2.068 0.381902559581
2.069 -0.469603515603
2.07 0.114546986691
2.071 -0.27378622179
2.072 -0.076032803548
2.073 0.0192763728047
2.074 0.139991796645
2.075 0.16169026847
2.076 0.463752398245
2.077 0.167995383636
2.078 -0.362762461842
2.079 0.069189774246
2.08 0.311523603875
2.081 0.0366586300639
2.082 0.00581201496245
2.083 -0.461958499365
2.084 -0.374280801548
2.085 0.476005952364
2.086 0.0808992766627
2.087 0.354583121361
2.088 -0.330889405727
2.089 -0.0363948544226
2.09 0.0233640983359
2.091 0.328671374329
2.092 -0.0841687500581
2.093 0.408828336705
2.094 0.481960717732
2.095 0.402577356372
2.096 -0.123749516033
2.097 0.375929341201
2.098 0.428058828408
2.099 0.054630774917
2.1 0.424277009967
2.101 0.366398888317
2.102 0.126639808596
2.103 -0.389359736894
2.104 -0.035191546936
2.105 -0.235063807484
2.106 0.292460294836
2.107 -0.0831111601141
2.108 -0.113147912881
2.109 0.0118227172905
2.11 0.0512247256293
2.111 -0.492878207671
2.112 0.410174494282
2.113 0.42361342313
2.114 -0.332058344331
2.115 0.347449180556
2.116 -0.133564881062
2.117 -0.250493968443
2.118 0.26756824749
2.119 -0.233911780401
2.12 -0.160951550837
2.121 0.429763858208
2.122 0.05874283463
2.123 -0.360575217657
2.124 -0.377179355636
2.125 -0.1233048959
2.126 0.269287906873
2.127 -0.411727667999
2.128 -0.268352673874
2.129 -0.459704492819
2.13 0.287101367329
2.131 0.377366622351
2.132 -0.473260653659
2.133 -0.137783423342
2.134 0.324669640881
2.135 -0.212639765756
2.136 -0.399144669718
2.137 -0.444974691041
2.138 0.228339204614
2.139 0.216338060142
2.14 -0.404738450301
2.141 0.344874031054
2.142 -0.33899231804
2.143 -0.00511658109307
2.144 -0.0714493215594
2.145 -0.251150321283
2.146 -0.430202834281
2.147 -0.325496065571
2.148 -0.341508412065
2.149 0.0350331713533
2.15 0.211227796433
2.151 -0.422981627202
2.152 -0.458957456112
2.153 0.416991844756
2.154 0.188163195755
2.155 0.243063052674
2.156 -0.138678397286
2.157 0.247379747902
2.158 0.474632899053
2.159 -0.34313494344
2.16 0.185955548648
2.161 -0.34388005459
2.162 -0.29302811691
2.163 -0.116101166265
2.164 -0.283836674662
2.165 -0.350050636347
2.166 0.329984715957
2.167 0.145823741803
2.168 0.391228894374
2.169 -0.462024415018
2.17 0.45397854013
2.171 -0.328041137702
2.172 0.424997612037
2.173 -0.222260582966
2.174 0.417857397152
2.175 -0.283919306659
2.176 0.433748008473
2.177 -0.205216430016
2.178 -0.280121876665
2.179 0.492228335195
2.18 -0.263888849587
2.181 -0.122849083571
2.182 -0.36419956273
2.183 0.414649303282
2.184 -0.196351206743
2.185 0.171287339737
2.186 -0.0163838208829
2.187 0.0658651131924
2.188 -0.0548794618229
2.189 -0.33728073433
2.19 -0.27342042391
2.191 0.452310224434
2.192 -0.286028841065
2.193 -0.469220625451
2.194 -0.274829625411
2.195 0.14684090402
2.196 -0.254095979135
2.197 -0.496982227021
2.198 -0.417400316488
2.199 0.355438540766
2.2 -0.312218697802
2.201 0.399787397903
2.202 -0.276269940927
2.203 0.297096251521
2.204 -0.0625030720796
2.205 0.00166896373375
2.206 -0.447918546713
2.207 -0.0706286336826
2.208 0.294844733916
2.209 0.445662709059
2.21 -0.463893788709
2.211 -0.0922279495547
2.212 0.40588648137
2.213 -0.483734643725
2.214 0.431733430719
2.215 -0.172480260499
2.216 0.235982954929
2.217 -0.183886766366
2.218 -0.135545597582
2.219 -0.402783991636
2.22 0.0260871049141
2.221 0.350579556853
2.222 -0.220284086042
2.223 0.00735220499938
2.224 -0.461815667888
2.225 0.450237148482
2.226 -0.108632111316
2.227 -0.442203544912
2.228 -0.456512684718
2.229 -0.173301566445
2.23 0.330435556188
2.231 -0.17354417606
2.232 0.27054752257
2.233 0.347197013468
2.234 0.107212129751
2.235 -0.42538829313
2.236 0.262347687792
2.237 -0.456537579359
2.238 -0.499872854042
2.239 0.292473006169
2.24 -0.230896504866
2.241 0.0350002730552
2.242 -0.261565394904
2.243 0.310866418499
2.244 0.0157047348895
2.245 -0.165255137222
2.246 0.334365965829
2.247 -0.237645779691
2.248 -0.00175659549876
2.249 -0.313590988949
2.25 -0.363680702653
2.251 -0.0852568726744
2.252 -0.06790952886
2.253 0.0754848695368
2.254 0.252715231259
2.255 -0.493267591557
2.256 0.338943423772
2.257 0.298098451677
2.258 -0.277696898836
2.259 -0.389678198717
2.26 -0.173189814525
2.261 0.334550844625
2.262 0.477348652164
2.263 -0.329733292566
2.264 0.344458554331
2.265 0.121992226175
2.266 0.396895909607
2.267 0.161140876796
2.268 0.0269580022899
2.269 -0.136818131244
2.27 -0.420504101226
2.271 -0.129314015152
2.272 -0.141022571397
2.273 0.48070570965
2.274 -0.099150682125
2.275 0.171435822485
2.276 0.370558789945
2.277 -0.210361675219
2.278 0.0110569172166
2.279 -0.385175955926
2.28 0.185789800432
2.281 -0.0371863579619
2.282 -0.00516088005485
2.283 0.277354324795
2.284 -0.40775807171
2.285 -0.358366586276
2.286 0.252562967528
2.287 -0.0606112759008
2.288 -0.0413703636857
2.289 0.472349299275
2.29 -0.0246157712672
2.291 0.286455672591
2.292 0.240768641814
2.293 -0.15887943016
2.294 0.0362505780977
2.295 -0.440700461843
2.296 -0.0462099679815
2.297 0.440307972766
2.298 -0.296885524222
2.299 0.0633527955832
2.3 -0.441242872645
2.301 0.0433155484617
2.302 0.337637384407
2.303 -0.322304987012
2.304 -0.0978944606307
2.305 -0.317464828514
2.306 0.124924170877
2.307 0.0587040780326
2.308 0.112637539931
2.309 -0.114327296567
2.31 -0.32258289054
2.311 -0.411518590874
2.312 -0.198953769943
2.313 0.00405853103299
2.314 -0.163128119066
2.315 -0.110678848848
2.316 -0.494473255617
2.317 -0.281591307967
2.318 0.130111986831
2.319 0.240509048592
2.32 0.145126859051
2.321 -0.444227008398
2.322 -0.20036773338
2.323 -0.307400483085
2.324 -0.464665839424
2.325 -0.394068981538
2.326 0.416959562782
2.327 -0.209293505468
2.328 -0.0741571777771
2.329 -0.269772898686
2.33 0.214028888933
2.331 -0.274926200817
2.332 0.152510170074
2.333 -0.409208382314
2.334 -0.164282665052
2.335 -0.40459965545
2.336 -0.432119829945
2.337 -0.0515034074391
2.338 -0.437378355293
2.339 0.14376073135
2.34 0.212443411442
2.341 -0.117202138691
2.342 -0.248363206196
2.343 -0.136703562343
2.344 -0.441879754316
2.345 -0.27683922283
2.346 0.432822315924
2.347 -0.344443933807
2.348 0.0397555675662
2.349 0.0654962173359
2.35 0.309122595936
2.351 -0.464138283611
2.352 0.302358350465
2.353 0.396373674042
2.354 -0.251782776436
2.355 0.369575707328
2.356 -0.46803588652
2.357 -0.00829916558996
2.358 -0.0146974368227
2.359 -0.155027274271
2.36 -0.0274872289215
2.361 -0.0467593887921
2.362 0.214887186104
2.363 -0.364009534766
2.364 -0.242709659845
2.365 0.406812150555
2.366 -0.332341834396
2.367 0.141509559636
2.368 0.0280174486369
2.369 0.0879925912503
2.37 -0.308163566771
2.371 0.202216643159
2.372 0.499431445826
2.373 -0.0459379602252
2.374 0.451097491467
2.375 0.0381823101917
2.376 0.179837210788
2.377 0.458613361692
2.378 -0.0711965170666
2.379 0.290997466912
2.38 -0.0991068169717
2.381 0.35052166076
2.382 -0.248131900944
2.383 0.315439780419
2.384 -0.294528857255
2.385 -0.122026250701
2.386 0.114166347926
2.387 0.241155821865
2.388 -0.0591170470725
2.389 0.402384244188
2.39 -0.177530144527
2.391 -0.422361548113
2.392 0.0404132443864
2.393 -0.482168592845
2.394 -0.338660835953
2.395 -0.486415135459
2.396 -0.0473081378692
2.397 -0.0324914999119
2.398 -0.180044901142
2.399 -0.0611655400296
2.4 0.418214178522
2.401 0.228804147756
2.402 0.399444086338
2.403 0.379553416894
2.404 -0.127018339919
2.405 0.225032892355
2.406 0.204973596479
2.407 0.488319870179
2.408 -0.294150591421
2.409 0.232651053998
2.41 0.0807671778622
2.411 -0.0172998153455
2.412 0.191039603556
2.413 0.175143234166
2.414 -0.157519797579
2.415 0.194367727182
2.416 0.171312049968
2.417 -0.0047038995546
2.418 0.100742964118
2.419 0.0497426438594
2.42 0.0344502813413
2.421 0.0507281940176
2.422 -0.490291628533
2.423 -0.155445779944
2.424 -0.164106074681
2.425 -0.192898811733
2.426 0.209667683224
2.427 0.372351530449
2.428 0.356136899155
2.429 0.330294804779
2.43 -0.110472044455
2.431 -0.441242943274
2.432 0.328232941542
2.433 -0.338778923369
2.434 0.462643525762
2.435 -0.0732826976486
2.436 0.475439334048
2.437 -0.0592595766663
2.438 0.411806943967
2.439 -0.266227013113
2.44 0.187508801466
2.441 -0.49095267384
2.442 -0.339668682442
2.443 -0.464505763422
2.444 -0.328508790816
2.445 0.0283572596738
2.446 -0.0367037444869
2.447 -0.424377879053
2.448 0.40779752817
2.449 0.310146898763
2.45 0.149567077675
2.451 0.374438923037
2.452 -0.464729544553
2.453 -0.329508541729
2.454 0.0421238327592
2.455 -0.474634724918
2.456 0.0503807169504
2.457 0.184079808452
2.458 0.0679184635053
2.459 -0.330911823148
2.46 -0.278810534617
2.461 0.310906994319
2.462 -0.282164729147
2.463 -0.00459090981645
2.464 0.159613104724
2.465 0.319188745025
2.466 0.456120827738
2.467 -0.0908649243463
2.468 0.447299404856
2.469 0.021144070682
2.47 0.375514061387
2.471 0.454352833204
2.472 0.464473495231
2.473 0.0492839733402
2.474 -0.250904336392
2.475 -0.140238421252
2.476 0.217601353715
2.477 -0.476368541381
2.478 0.17882675523
2.479 -0.0899945719171
2.48 -0.052234669493
2.481 -0.387852071141
2.482 0.39921793271
2.483 -0.360939654668
2.484 0.315891044491
2.485 -0.461849238366
2.486 -0.172289560041
2.487 -0.455382393932
2.488 0.0168810992553
2.489 0.291098798716
2.49 -0.33037610436
2.491 -0.286137961408
2.492 -0.163462801594
2.493 0.477746266424
2.494 0.00895629227067
2.495 -0.316811302844
2.496 0.382222898578
2.497 -0.364995639442
2.498 -0.03758251541
2.499 0.471868693444
2.5 0.318323449716
2.501 -0.283210681308
2.502 0.157347962943
2.503 -0.320149823617
2.504 0.0245693013999
2.505 0.128757436117
2.506 0.284619583506
2.507 -0.255700745093
2.508 0.0511918084837
2.509 -0.282037721422
2.51 -0.0486342109465
2.511 -0.442828589942
2.512 -0.0371393335766
2.513 0.23391787297
2.514 0.436478759561
2.515 0.254751705601
2.516 -0.470503134282
2.517 0.366749063619
2.518 -0.160865678375
2.519 -0.499123699616
2.52 -0.144850138927
2.521 -0.106764746078
2.522 -0.0764526079753
2.523 -0.473046716872
2.524 0.224023730776
2.525 -0.292585016204
2.526 -0.378013328123
2.527 0.457292390522
2.528 -0.285608668745
2.529 -0.168928305623
2.53 0.373127750485
2.531 -0.0467412437804
2.532 -0.0594857650163
2.533 0.421715015522
2.534 -0.0543937404858
2.535 -0.241539317352
2.536 0.151142845408
2.537 -0.180252469948
2.538 -0.0794238155687
2.539 -0.0298275945031
2.54 0.0905460671655
2.541 0.499336269321
2.542 -0.18402274028
2.543 0.401035306531
2.544 -0.121601251446
2.545 -0.418880040428
2.546 -0.366868095314
2.547 -0.412338051706
2.548 0.0896232327668
2.549 -0.037015391771
2.55 0.414227131682
2.551 -0.0981535318948
2.552 -0.318973231486
2.553 -0.136060713596
2.554 0.155245571144
2.555 0.450632022744
2.556 0.316873178078
2.557 0.0773950897244
2.558 0.482570807539
2.559 -0.234439465877
2.56 -0.254181083202
2.561 -0.478990197996
2.562 -0.00156196602744
2.563 0.129752046202
2.564 0.0280238822529
2.565 -0.310646260138
2.566 -0.110606385694
2.567 -0.130599112876
2.568 0.148487337496
2.569 0.226409955342
2.57 -0.170393505433
2.571 0.332399495432
2.572 0.114128493883
2.573 0.109888365771
2.574 -0.439085901371
2.575 -0.19277753294
2.576 0.414898271693
2.577 -0.203400750298
2.578 -0.065157225247
2.579 0.191659087875
2.58 -0.295779611698
2.581 0.128794065812
2.582 0.308041667503
2.583 0.13433756784
2.584 -0.243897422627
2.585 0.346577282935
2.586 -0.430324613454
2.587 0.136227611569
2.588 0.223203463115
2.589 0.0734217634317
2.59 -0.400326100707
2.591 0.465511360343
2.592 -0.309723478674
2.593 0.0577052891043
2.594 0.201185042678
2.595 -0.0402535984344
2.596 0.169364031818
2.597 0.424740601629
2.598 -0.282003838637
2.599 0.220824055648
2.6 0.389159675277
2.601 -0.107873066102
2.602 0.0356661128183
2.603 -0.49186866659
2.604 0.124008207942
2.605 0.0136506449084
2.606 -0.379216837138
2.607 -0.439246400743
2.608 0.408458595354
2.609 -0.399084547075
2.61 -0.222399032193
2.611 0.137066966669
2.612 -0.378660765874
2.613 -0.0833491860202
2.614 0.352152370183
2.615 0.479711445289
2.616 0.0348235968977
2.617 -0.129718870596
2.618 0.127763364659
2.619 0.146356238753
2.62 -0.29783024118
2.621 -0.0798623838586
2.622 -0.202179737129
2.623 -0.299174874253
2.624 -0.369956213569
2.625 0.257899686116
2.626 -0.0215707946129
2.627 0.356281112213
2.628 0.275822950546
2.629 0.249879735311
2.63 0.340124789036
2.631 0.104167336989
2.632 -0.343851902681
2.633 -0.02542359581
2.634 0.400883012571
2.635 0.110571716408
2.636 0.117392400044
2.637 -0.0995401660195
2.638 -0.0212848106151
2.639 -0.402218208533
2.64 0.173941097091
2.641 0.375239091816
2.642 0.325871443964
2.643 -0.248739456057
2.644 0.189083260937
2.645 -0.187464888055
2.646 -0.0532359668134
2.647 0.0514832021004
2.648 0.444865566004
2.649 0.230297110465
2.65 -0.459101243673
2.651 0.0100087129128
2.652 -0.304373939326
2.653 0.136136686931
2.654 0.312191326007
2.655 -0.389261415776
2.656 0.221292084891
2.657 0.155593210396
2.658 0.11789620192
2.659 -0.302324779891
2.66 0.193298063664
2.661 0.151277839173
2.662 -0.434945346441
2.663 -0.000532271212881
2.664 0.237753385627
2.665 -0.0562223847785
2.666 -0.0707399424754
2.667 0.363400271712
2.668 0.383080416744
2.669 -0.376881861162
2.67 -0.212729790246
2.671 -0.426040061149
2.672 0.313947986329
2.673 -0.379526322013
2.674 -0.265894935052
2.675 0.301243700988
2.676 0.323727897463
2.677 -0.116367282757
2.678 0.0662852200787
2.679 -0.484271029136
2.68 0.325745964172
2.681 0.151111967312
2.682 -0.0859638102061
2.683 -0.206324699339
2.684 0.274411883503
2.685 -0.416418558616
2.686 0.244968896634
2.687 -0.324136721134
2.688 -0.223709213404
2.689 0.023765477832
2.69 -0.414238953052
2.691 -0.0668485781441
2.692 -0.31926080193
2.693 0.495947695026
2.694 0.417577746957
2.695 -0.351290389412
2.696 -0.29079635245
2.697 0.491379482805
2.698 0.209663496015
2.699 -0.232141754781
2.7 0.158340416654
2.701 -0.406691261106
2.702 0.0341224648901
2.703 0.287649636327
2.704 -0.0593276916531
2.705 -0.137652058351
2.706 0.0146969525604
2.707 -0.0223814146043
2.708 0.105981985914
2.709 -0.487873718841
2.71 -0.463278820494
2.711 -0.490575394743
2.712 0.191968921201
2.713 -0.0630067655065
2.714 0.197042437191
2.715 -0.483832539904
2.716 -0.373886578536
2.717 0.18291330353
2.718 0.36271821427
2.719 0.0867092504991
2.72 0.413432927019
2.721 -0.435657468126
2.722 -0.4727798393
2.723 -0.090360018952
2.724 -0.0913626124514
2.725 0.013451964297
2.726 -0.34112988934
2.727 -0.399495267127
2.728 0.364979295798
2.729 -0.107471894783
2.73 0.457138111406
2.731 -0.0759476371366
2.732 -0.263607230879
2.733 -0.136276452384
2.734 0.0863106837819
2.735 -0.200644670484
2.736 0.120180489233
2.737 -0.0014513448795
2.738 0.253783707227
2.739 0.051969415538
2.74 0.332564674194
2.741 0.250522751412
2.742 0.119326948882
2.743 -0.217869275804
2.744 -0.45623942581
2.745 0.320695335555
2.746 0.185982935283
2.747 -0.316217927001
2.748 -0.0180318508084
2.749 0.365813607652
2.75 0.33122293813
2.751 0.0962232097985
2.752 0.146884134952
2.753 -0.130533409833
2.754 -0.204342136683
2.755 0.0477402507189
2.756 -0.38823514261
2.757 -0.114894676402
2.758 -0.14037994378
2.759 0.121404138602
2.76 0.491687827348
2.761 0.392668131132
2.762 -0.29203397902
2.763 -0.440289824496
2.764 0.497237033319
2.765 0.247446348164
2.766 0.220762636576
2.767 0.233429792206
2.768 -0.093958353758
2.769 0.295678153196
2.77 -0.0862762652268
2.771 0.291925549495
2.772 0.173757278148
2.773 0.435901843547
2.774 -0.164645261153
2.775 -0.229655079122
2.776 -0.240393866423
2.777 -0.184494101406
2.778 -0.222035219501
2.779 -0.380074337774
2.78 -0.209988919599
2.781 0.16493733392
2.782 0.305001663461
2.783 -0.228822778346
2.784 -0.136771914247
2.785 0.00650951326061
2.786 0.115580983849
2.787 -0.177071245602
2.788 0.181154085063
2.789 0.213430893195
2.79 0.0236130062972
2.791 0.486346468105
2.792 -0.487403017625
2.793 -0.400188745756
2.794 0.462241075112
2.795 0.285818214386
2.796 0.489706157282
2.797 0.418111107055
2.798 0.191897567462
2.799 -0.272450958619
2.8 -0.00471166431994
2.801 -0.169956373559
2.802 0.0734479811845
2.803 -0.178385025325
2.804 -0.157050066219
2.805 0.211231346883
2.806 0.085092493186
2.807 0.23077784216
2.808 -0.31641348065
2.809 0.180348573527
2.81 0.469075587667
2.811 0.342240449554
2.812 -0.0518055031813
2.813 0.088882450959
2.814 -0.0196219241214
2.815 0.119585965824
2.816 0.44747616612
2.817 -0.445486460659
2.818 0.37687447108
2.819 -0.125125480695
2.82 -0.229559730053
2.821 0.313663489307
2.822 -0.497194167095
2.823 0.318800827303
2.824 0.000920426334759
2.825 0.407446024947
2.826 0.139463472392
2.827 0.328683596957
2.828 -0.018593419529
2.829 -0.0742094093335
2.83 -0.290504621062
2.831 0.0308293323291
2.832 0.484824475681
2.833 -0.390481948356
2.834 0.0793190490423
2.835 0.127859721937
2.836 -0.0713885570314
2.837 0.142802354404
2.838 0.457353051787
2.839 -0.0972354061061
2.84 0.048475476632
2.841 -0.104535871713
2.842 0.404638210889
2.843 0.115426423592
2.844 0.137614444899
2.845 0.373608073458
2.846 0.0833003140518
2.847 0.10922287838
2.848 0.250617940414
2.849 -0.331007033663
2.85 0.488735246343
2.851 0.495408964398
2.852 -0.0168228569486
2.853 0.129950921162
2.854 -0.360341228328
2.855 0.104151427651
2.856 -0.330633500384
2.857 0.136481143441
2.858 0.0318351691267
2.859 -0.150318110444
2.86 -0.407579699777
2.861 0.0709698387866
2.862 0.022275690397
2.863 -0.115422199824
2.864 0.0182969879961
2.865 0.281503828139
2.866 0.268846754036
2.867 0.478633607801
2.868 -0.457052100793
2.869 -0.227020431587
2.87 -0.345922086871
2.871 0.26494418945
2.872 -0.375309853105
2.873 0.2676572659
2.874 -0.381982891361
2.875 0.295485759759
2.876 0.313201214844
2.877 0.238659964045
2.878 0.000190490256783
2.879 0.01504967344
2.88 0.0611280509362
2.881 -0.0975862400997
2.882 -0.369608847157
2.883 -0.4423665053
2.884 0.438436934852
2.885 0.416493895936
2.886 0.258042283416
2.887 0.002791396739
2.888 0.468734750553
2.889 -0.481612623245
2.89 -0.263633865496
2.891 0.214093476164
2.892 -0.00097285504947
2.893 -0.123594389188
2.894 -0.0963565770981
2.895 0.463816074252
2.896 0.482211194666
2.897 -0.133350114233
2.898 -0.318843118612
2.899 0.350144356289
2.9 -0.264865881569
2.901 -0.139050651047
2.902 0.0457131320684
2.903 -0.263399342484
2.904 0.491521676862
2.905 -0.146544553207
2.906 -0.298237787747
2.907 -0.170201985968
2.908 0.451421058697
2.909 -0.34343122407
2.91 -0.0429164469647
2.911 0.422133499351
2.912 -0.389942831695
2.913 -0.247691365829
2.914 -0.262109648628
2.915 -0.083714394962
2.916 0.0207677255177
2.917 -0.0916770560021
2.918 0.144499061675
2.919 -0.349512678378
2.92 0.213644363971
2.921 -0.0201109850185
2.922 0.286773957171
2.923 0.203737181432
2.924 0.270465521817
2.925 0.118950966745
2.926 0.0501619770922
2.927 -0.14959282587
2.928 -0.242265058027
2.929 -0.0585851399302
2.93 -0.130210241805
2.931 0.0703686039491
2.932 -0.123458045028
2.933 -0.358439771554
2.934 0.369150655173
2.935 0.383093790246
2.936 -0.120276492527
2.937 -0.486331653469
2.938 0.0106184371522
2.939 0.0378948453514
2.94 0.0667616734043
2.941 0.10880457891
2.942 -0.28716481886
2.943 0.414662198473
2.944 0.396155524505
2.945 -0.196337370404
2.946 -0.454175848708
2.947 -0.282204063251
2.948 0.355704691434
2.949 0.354387827014
2.95 0.0349877563163
2.951 -0.425309250064
2.952 -0.132854668329
2.953 0.277972517638
2.954 0.383125645108
2.955 -0.276514296457
2.956 -0.0872468462536
2.957 -0.244570108324
2.958 -0.222382518482
2.959 0.248217407734
2.96 -0.402140784461
2.961 0.435250734692
2.962 0.207211983442
2.963 -0.388207030411
2.964 -0.225583658754
2.965 -0.307673720417
2.966 0.304289043619
2.967 0.252536804676
2.968 -0.0267159859361
2.969 0.460687959741
2.97 -0.0612639004288
2.971 0.221157178543
2.972 0.192739465202
2.973 0.485159039477
2.974 0.0591758320403
2.975 0.494166225302
2.976 0.113595214302
2.977 0.430345185184
2.978 -0.481004923289
2.979 0.495705395492
2.98 -0.238894139883
2.981 -0.440295833482
2.982 -0.156654240962
2.983 0.376313774416
2.984 -0.25977884699
2.985 -0.334446383765
2.986 -0.436116875996
2.987 0.378055439911
2.988 -0.000378030123417
2.989 0.0627111860168
2.99 0.373995090076
2.991 0.0557275011963
2.992 0.420323433134
2.993 0.34806441781
2.994 -0.385835238169
2.995 -0.120468681729
2.996 0.200985200664
2.997 0.213916759715
2.998 0.134417291311
2.999 -0.0911962486171
